Sample	2mm tape 
date	08/01/2026
	
Temperature (K)	77.00
Angle (deg.)	45.000000
field / T	0.300000
	
		
Approx. trace time (s)	60.0	
		
Current / A	V1  -sample/ uV	time/s
-0.017851	-0.151805	0.000000
-0.018203	-0.142579	0.046000
-0.018974	-0.132308	0.092000
-0.018017	-0.125041	0.138000
-0.017970	-0.114275	0.184000
-0.018364	-0.106907	0.229000
-0.018752	-0.099821	0.275000
-0.018215	-0.074699	0.321000
-0.018436	-0.070565	0.477000
-0.018603	-0.064383	0.523000
-0.017923	-0.060456	0.569000
-0.018418	-0.056853	0.615000
-0.018287	-0.054474	0.661000
-0.018299	-0.049625	0.706000
-0.002902	-0.048825	0.752000
0.032834	-0.046797	0.798000
0.066195	-0.045471	0.843000
0.177644	-0.046385	0.889000
0.209781	-0.049055	1.049000
0.243617	-0.046797	1.095000
0.275127	-0.044782	1.141000
0.305984	-0.043133	1.187000
0.336485	-0.043436	1.232000
0.369635	-0.043204	1.278000
0.400995	-0.040110	1.324000
0.433613	-0.039893	1.369000
0.691191	-0.042569	1.415000
0.724332	-0.042932	1.784000
0.755510	-0.037393	1.830000
0.788002	-0.035685	1.875000
0.819978	-0.037494	1.922000
0.850842	-0.038375	1.968000
0.960547	-0.039681	2.013000
0.993278	-0.043996	2.169000
1.025541	-0.046939	2.215000
1.057926	-0.051383	2.261000
1.088809	-0.054004	2.307000
1.120986	-0.057013	2.353000
1.152490	-0.064401	2.398000
1.184540	-0.060466	2.444000
1.306016	-0.076871	2.490000
1.337878	-0.078534	2.662000
1.371184	-0.081286	2.708000
1.401024	-0.087243	2.753000
1.433440	-0.090363	2.799000
1.465379	-0.096747	2.845000
1.497519	-0.100760	2.891000
1.530152	-0.107291	2.936000
1.562096	-0.114013	2.982000
1.595332	-0.118390	3.028000
1.866198	-0.125657	3.074000
1.898271	-0.165175	3.462000
1.930911	-0.171439	3.508000
1.961873	-0.177969	3.553000
2.076519	-0.203070	3.599000
2.107735	-0.210479	3.762000
2.138946	-0.217025	3.807000
2.171305	-0.225116	3.853000
2.203433	-0.231929	3.899000
2.235959	-0.237940	3.944000
2.267783	-0.244103	3.990000
2.300828	-0.250673	4.036000
2.331404	-0.256907	4.082000
2.362848	-0.262545	4.128000
2.486511	-0.269903	4.173000
2.518633	-0.284640	4.349000
2.550711	-0.290470	4.395000
2.583293	-0.292020	4.441000
2.616224	-0.296724	4.487000
2.649086	-0.303892	4.533000
2.679584	-0.306335	4.579000
2.711706	-0.311576	4.625000
2.743001	-0.318270	4.671000
2.853390	-0.331922	4.718000
2.885963	-0.335698	4.873000
2.917968	-0.340813	4.918000
2.950555	-0.344920	4.964000
2.981582	-0.349708	5.010000
3.012996	-0.355458	5.056000
3.044864	-0.362202	5.102000
3.077991	-0.367564	5.148000
3.110473	-0.369640	5.194000
3.142993	-0.371848	5.240000
3.256482	-0.376253	5.285000
3.289292	-0.398654	5.449000
3.321925	-0.404502	5.495000
3.354723	-0.410029	5.541000
3.385397	-0.416030	5.587000
3.417190	-0.423409	5.633000
3.449256	-0.429699	5.679000
3.481115	-0.434335	5.725000
3.513970	-0.439103	5.770000
3.623357	-0.443493	5.816000
3.655091	-0.440963	5.972000
3.687353	-0.436145	6.018000
3.718830	-0.432491	6.063000
3.750429	-0.425819	6.109000
3.782617	-0.418899	6.155000
3.816300	-0.411244	6.200000
3.848417	-0.404788	6.247000
3.880184	-0.398388	6.293000
3.912614	-0.391478	6.338000
4.027716	-0.386211	6.384000
4.060203	-0.351986	6.549000
4.091468	-0.344396	6.595000
4.123084	-0.338847	6.641000
4.155382	-0.332743	6.687000
4.187742	-0.322755	6.733000
4.220418	-0.324847	6.779000
4.253030	-0.317298	6.824000
4.285089	-0.311053	6.870000
4.542722	-0.258875	6.916000
4.574113	-0.253480	7.284000
4.605890	-0.246122	7.329000
4.638087	-0.241620	7.375000
4.669829	-0.229285	7.421000
4.702175	-0.221527	7.467000
4.811817	-0.212993	7.513000
4.843774	-0.190114	7.668000
4.875819	-0.181028	7.714000
4.907431	-0.178121	7.760000
4.939471	-0.174215	7.806000
4.971494	-0.169636	7.852000
5.004837	-0.165317	7.898000
5.037117	-0.165034	7.944000
5.157366	-0.156374	7.990000
5.189375	-0.154188	8.162000
5.220986	-0.153870	8.208000
5.252294	-0.154986	8.254000
5.284869	-0.157570	8.300000
5.317575	-0.160906	8.346000
5.350387	-0.158746	8.391000
5.381913	-0.156253	8.437000
5.413555	-0.150599	8.483000
5.444782	-0.142872	8.529000
5.718156	-0.133626	8.574000
5.749463	-0.074067	8.962000
5.780717	-0.071286	9.008000
5.813245	-0.064734	9.054000
5.926150	-0.042211	9.099000
5.958802	-0.039923	9.262000
5.991119	-0.034329	9.308000
6.023778	-0.030725	9.353000
6.056215	-0.022455	9.399000
6.087821	-0.023393	9.445000
6.119654	-0.019436	9.491000
6.151108	-0.016614	9.536000
6.183208	-0.014165	9.583000
6.215284	-0.013615	9.628000
6.337812	-0.008554	9.674000
6.370856	-0.001998	9.849000
6.403152	-0.003158	9.896000
6.434852	-0.002240	9.941000
6.472044	-0.000617	9.996000
6.505114	-0.001177	10.042000
6.538031	-0.002855	10.087000
6.569607	-0.003475	10.133000
6.601613	-0.003999	10.179000
6.709931	-0.008466	10.224000
6.742458	-0.007190	10.380000
6.774927	-0.004231	10.426000
6.806891	0.002658	10.472000
6.839729	0.010676	10.518000
6.873574	0.022026	10.567000
6.904788	0.027157	10.612000
6.936836	0.036002	10.658000
6.968179	0.041863	10.704000
7.000945	0.044580	10.750000
7.110475	0.048113	10.795000
7.142140	0.047931	10.951000
7.174448	0.044721	10.997000
7.206233	0.037696	11.043000
7.237816	0.036137	11.089000
7.271340	0.035135	11.137000
7.303738	0.030205	11.183000
7.335840	0.027705	11.229000
7.368127	0.023554	11.275000
7.478185	0.006620	11.321000
7.509288	-0.000033	11.476000
7.541098	-0.003657	11.522000
7.572860	-0.008918	11.568000
7.604541	-0.016105	11.614000
7.637041	-0.022057	11.660000
7.670394	-0.027061	11.708000
7.703117	-0.031910	11.753000
7.735119	-0.037080	11.799000
7.767800	-0.042242	11.845000
7.878323	-0.044469	11.891000
7.910052	-0.047397	12.050000
7.942219	-0.047151	12.096000
7.974069	-0.047266	12.142000
8.006866	-0.041969	12.187000
8.038792	-0.040633	12.233000
8.071043	-0.037615	12.279000
8.103162	-0.037060	12.324000
8.134428	-0.038395	12.370000
8.392789	-0.080278	12.416000
8.424280	-0.085842	12.784000
8.456405	-0.090413	12.830000
8.488455	-0.096566	12.876000
8.521640	-0.104116	12.922000
8.553379	-0.111283	12.968000
8.662457	-0.119141	13.013000
8.693773	-0.137295	13.170000
8.725706	-0.141636	13.216000
8.758038	-0.145062	13.261000
8.790038	-0.147455	13.307000
8.823141	-0.148172	13.353000
8.854979	-0.146521	13.399000
8.887325	-0.144109	13.445000
9.006351	-0.127170	13.490000
9.038315	-0.120771	13.662000
9.070533	-0.115077	13.708000
9.102886	-0.107624	13.754000
9.134769	-0.097913	13.799000
9.166697	-0.094708	13.845000
9.198002	-0.089196	13.890000
9.230115	-0.084405	13.936000
9.261268	-0.077834	13.982000
9.293884	-0.072612	14.028000
9.566334	-0.066650	14.074000
9.598035	-0.024103	14.462000
9.629950	-0.023660	14.508000
9.662745	-0.018649	14.553000
9.775821	-0.004272	14.599000
9.808639	-0.004292	14.762000
9.840589	-0.004528	14.808000
9.872529	-0.003768	14.854000
9.904025	-0.002825	14.899000
9.936288	-0.005456	14.945000
9.967514	-0.005456	14.991000
10.000057	-0.007713	15.037000
10.032622	-0.007281	15.082000
10.064950	-0.007311	15.128000
10.187882	-0.007936	15.174000
10.219849	-0.008041	15.350000
10.251378	-0.008585	15.396000
10.283379	-0.009366	15.442000
10.314984	-0.009659	15.487000
10.347729	-0.009407	15.533000
10.379908	-0.005011	15.579000
10.412249	-0.007008	15.625000
10.444524	-0.002119	15.671000
10.552215	0.003429	15.716000
10.584470	0.005486	15.872000
10.616422	0.006681	15.918000
10.648341	0.008017	15.964000
10.681076	0.009614	16.009000
10.713652	0.014040	16.055000
10.745502	0.019218	16.101000
10.776669	0.023683	16.147000
10.808357	0.026682	16.193000
10.840246	0.036279	16.239000
10.957365	0.041671	16.285000
10.989069	0.057038	16.450000
11.020574	0.060929	16.496000
11.052681	0.065198	16.542000
11.085505	0.067427	16.587000
11.117534	0.072225	16.633000
11.149095	0.075786	16.678000
11.181034	0.080827	16.725000
11.212062	0.087359	16.770000
11.322240	0.109232	16.816000
11.353955	0.113839	16.972000
11.386481	0.120724	17.018000
11.419186	0.126938	17.064000
11.451490	0.140177	17.110000
11.482764	0.147592	17.156000
11.514351	0.153194	17.202000
11.546191	0.159165	17.247000
11.578334	0.170047	17.293000
11.610581	0.181671	17.339000
11.726268	0.181105	17.385000
11.758530	0.201299	17.550000
11.790701	0.205322	17.596000
11.823151	0.207229	17.642000
11.855852	0.208658	17.688000
11.887792	0.205372	17.733000
11.919002	0.212075	17.779000
11.950184	0.212836	17.825000
11.982587	0.211374	17.871000
12.241061	0.211333	17.917000
12.273276	0.208254	18.285000
12.305069	0.216688	18.330000
12.338311	0.222426	18.376000
12.370337	0.231689	18.422000
12.401578	0.239981	18.468000
12.510512	0.249981	18.514000
12.541974	0.272840	18.670000
12.574679	0.278983	18.716000
12.607314	0.284428	18.762000
12.639753	0.288789	18.807000
12.671550	0.288522	18.853000
12.708594	0.298661	18.906000
12.741659	0.290631	18.952000
12.855197	0.281641	18.998000
12.887540	0.277139	19.162000
12.920006	0.273662	19.208000
12.951647	0.268136	19.254000
12.983215	0.263432	19.300000
13.014491	0.258879	19.346000
13.046897	0.255749	19.392000
13.079111	0.250162	19.437000
13.112020	0.247059	19.483000
13.144461	0.243248	19.529000
13.414793	0.241213	19.574000
13.447809	0.237630	19.963000
13.479844	0.240804	20.008000
13.512295	0.243702	20.054000
13.626188	0.258849	20.100000
13.658106	0.262256	20.262000
13.690044	0.270265	20.308000
13.721335	0.277018	20.354000
13.758780	0.286352	20.406000
13.790234	0.295537	20.452000
13.821381	0.305005	20.498000
13.853643	0.316159	20.544000
13.885989	0.326784	20.590000
13.918520	0.338408	20.635000
14.037002	0.348486	20.681000
14.068722	0.382684	20.850000
14.100818	0.390381	20.896000
14.132824	0.397194	20.942000
14.165072	0.401472	20.988000
14.197609	0.407475	21.033000
14.229449	0.411245	21.079000
14.261402	0.413947	21.125000
14.292020	0.414743	21.170000
14.401757	0.409321	21.216000
14.433906	0.407658	21.372000
14.466718	0.408917	21.418000
14.499005	0.408741	21.464000
14.530750	0.410756	21.510000
14.562541	0.413927	21.556000
14.594132	0.414210	21.601000
14.626418	0.415554	21.647000
14.658026	0.414562	21.693000
14.690654	0.413115	21.739000
14.806001	0.406588	21.784000
14.838293	0.387250	21.950000
14.870525	0.382412	21.996000
14.902859	0.379760	22.042000
14.935329	0.377140	22.088000
14.967412	0.374691	22.134000
14.997535	0.374610	22.179000
15.029958	0.375123	22.225000
15.061772	0.374893	22.271000
15.171962	0.364933	22.317000
15.204613	0.362503	22.472000
15.236493	0.363238	22.518000
15.267334	0.365165	22.564000
15.298990	0.369362	22.610000
15.330841	0.373173	22.655000
15.362778	0.379297	22.701000
15.395538	0.382482	22.747000
15.427947	0.382870	22.793000
15.460330	0.382411	22.839000
15.575487	0.379941	22.884000
15.608223	0.374287	23.050000
15.640762	0.373203	23.096000
15.673302	0.372905	23.142000
15.703890	0.371178	23.188000
15.735718	0.368057	23.234000
15.774579	0.367160	23.287000
15.805562	0.364031	23.333000
15.836965	0.360094	23.379000
16.095487	0.342441	23.424000
16.127273	0.343627	23.793000
16.159040	0.339272	23.838000
16.191136	0.337752	23.884000
16.223602	0.341381	23.930000
16.346407	0.339211	23.976000
16.379067	0.339191	24.150000
16.409966	0.339140	24.196000
16.441993	0.337620	24.242000
16.474052	0.335420	24.288000
16.506036	0.331387	24.334000
16.538478	0.331261	24.380000
16.571186	0.330106	24.425000
16.602900	0.329045	24.471000
16.710624	0.324035	24.517000
16.742773	0.326976	24.673000
16.775270	0.326477	24.719000
16.807009	0.325281	24.764000
16.839917	0.325710	24.810000
16.872543	0.328264	24.856000
16.904356	0.329288	24.902000
16.936033	0.331388	24.947000
16.967825	0.333190	24.993000
16.999760	0.341634	25.039000
17.265104	0.344087	25.085000
17.297330	0.357666	25.463000
17.328669	0.357610	25.509000
17.359841	0.357837	25.554000
17.474063	0.363647	25.600000
17.506124	0.362368	25.763000
17.538057	0.360720	25.808000
17.569753	0.361783	25.855000
17.602775	0.359514	25.900000
17.635402	0.359243	25.946000
17.667771	0.355670	25.992000
17.699513	0.355241	26.038000
17.730892	0.354637	26.084000
17.769734	0.355039	26.138000
17.885482	0.353754	26.184000
17.917656	0.345886	26.350000
17.950082	0.342527	26.396000
17.982850	0.338389	26.442000
18.015102	0.337793	26.488000
18.046533	0.339171	26.534000
18.078089	0.335784	26.579000
18.110230	0.336900	26.626000
18.142347	0.338595	26.671000
18.251274	0.341291	26.717000
18.283573	0.346007	26.873000
18.316397	0.351323	26.919000
18.348012	0.355750	26.965000
18.379689	0.360820	27.010000
18.411439	0.364333	27.056000
18.443861	0.369080	27.102000
18.476480	0.370194	27.148000
18.509221	0.372049	27.194000
18.540792	0.375926	27.239000
18.656105	0.378747	27.285000
18.688543	0.381767	27.450000
18.720883	0.382050	27.496000
18.752289	0.380884	27.542000
18.783973	0.378576	27.588000
18.816444	0.377714	27.634000
18.848084	0.376807	27.679000
18.880053	0.373264	27.725000
18.912965	0.370175	27.771000
19.021646	0.367413	27.817000
19.053348	0.366238	27.973000
19.085175	0.367302	28.019000
19.116850	0.365377	28.064000
19.149441	0.368688	28.110000
19.181781	0.368078	28.156000
19.214168	0.368688	28.202000
19.246074	0.371449	28.248000
19.277678	0.369404	28.294000
19.309699	0.375532	28.339000
19.426900	0.380104	28.385000
19.458504	0.395672	28.551000
19.489605	0.398832	28.597000
19.521101	0.404321	28.642000
19.553769	0.409382	28.688000
19.585410	0.415071	28.734000
19.618253	0.422420	28.780000
19.651059	0.423140	28.826000
19.683213	0.432096	28.871000
19.940093	0.497700	28.917000
19.972135	0.504544	29.285000
20.003737	0.511127	29.331000
20.035242	0.520113	29.377000
20.067835	0.529267	29.422000
20.100048	0.539351	29.468000
20.209016	0.546902	29.514000
20.240832	0.578869	29.669000
20.272199	0.587272	29.715000
20.304666	0.597135	29.761000
20.336689	0.606695	29.807000
20.369896	0.615467	29.853000
20.401771	0.624426	29.898000
20.433782	0.630764	29.944000
20.554159	0.662239	29.989000
20.586001	0.668180	30.163000
20.618024	0.672274	30.209000
20.650560	0.676999	30.255000
20.683305	0.681521	30.300000
20.716159	0.681198	30.346000
20.747646	0.681390	30.392000
20.779682	0.682132	30.438000
20.814655	0.685151	30.487000
20.846184	0.683519	30.533000
21.113970	0.683318	30.579000
21.145424	0.675918	30.963000
21.178098	0.677019	31.009000
21.209683	0.678886	31.054000
21.323146	0.686755	31.100000
21.355937	0.690066	31.263000
21.388275	0.693423	31.309000
21.421145	0.696037	31.354000
21.452261	0.702850	31.400000
21.484466	0.707676	31.446000
21.515828	0.714722	31.492000
21.547841	0.718280	31.537000
21.580137	0.725306	31.583000
21.612615	0.729858	31.629000
21.736159	0.734087	31.675000
21.768428	0.746180	31.851000
21.800191	0.749860	31.897000
21.832283	0.750082	31.942000
21.863971	0.753287	31.989000
21.896142	0.755488	32.034000
21.927698	0.758834	32.080000
21.960428	0.759440	32.126000
21.992673	0.761307	32.172000
22.101895	0.762015	32.217000
22.133974	0.759198	32.373000
22.165395	0.754665	32.419000
22.197581	0.751350	32.464000
22.229637	0.747973	32.510000
22.262620	0.745838	32.558000
22.295292	0.740352	32.604000
22.327879	0.734341	32.650000
22.359839	0.728158	32.695000
22.391285	0.718911	32.741000
22.505859	0.712229	32.787000
22.537880	0.695704	32.951000
22.569084	0.693201	32.996000
22.601009	0.692388	33.042000
22.632770	0.690303	33.088000
22.665193	0.688976	33.134000
22.698135	0.688911	33.179000
22.729849	0.687725	33.225000
22.761384	0.688284	33.271000
22.869757	0.702962	33.316000
22.901828	0.710315	33.471000
22.934163	0.718149	33.518000
22.966676	0.724831	33.563000
22.999196	0.730479	33.609000
23.031296	0.736062	33.655000
23.062594	0.740230	33.700000
23.093808	0.745979	33.746000
23.125706	0.752233	33.792000
23.158075	0.761287	33.838000
23.274984	0.768299	33.884000
23.306709	0.786248	34.051000
23.338136	0.794945	34.096000
23.370424	0.796825	34.142000
23.403240	0.803689	34.188000
23.435519	0.798781	34.234000
23.467526	0.819918	34.279000
23.499841	0.827146	34.325000
23.531114	0.832215	34.371000
23.789394	0.931735	34.417000
23.821140	0.949723	34.785000
23.853293	0.965552	34.831000
23.886101	0.986015	34.877000
23.918378	1.005604	34.923000
23.950537	1.025102	34.969000
24.058875	1.043741	35.014000
24.090850	1.108745	35.170000
24.123512	1.126275	35.216000
24.154926	1.142628	35.262000
24.187723	1.159193	35.308000
24.220038	1.177994	35.354000
24.252066	1.196598	35.400000
24.283424	1.213041	35.446000
24.403398	1.280674	35.491000
24.435647	1.297931	35.663000
24.468252	1.314150	35.709000
24.500058	1.329133	35.755000
24.532685	1.342625	35.800000
24.564326	1.356006	35.846000
24.595757	1.366192	35.891000
24.627457	1.377986	35.937000
24.659574	1.387279	35.983000
24.691846	1.395263	36.029000
24.963047	1.409556	36.075000
24.995179	1.528394	36.463000
25.027913	1.546565	36.509000
25.060735	1.563018	36.555000
25.173914	1.635916	36.600000
25.205729	1.654405	36.763000
25.238002	1.673959	36.809000
25.270480	1.694086	36.855000
25.301888	1.718034	36.901000
25.333686	1.741240	36.947000
25.366290	1.763374	36.993000
25.398772	1.787132	37.039000
25.431023	1.811893	37.084000
25.463188	1.834754	37.130000
25.585102	1.859862	37.176000
25.617572	1.944186	37.351000
25.649149	1.969237	37.397000
25.680995	1.993019	37.442000
25.713050	2.019396	37.488000
25.745248	2.045550	37.534000
25.778062	2.070017	37.580000
25.810461	2.096764	37.626000
25.842630	2.125695	37.672000
25.950415	2.222472	37.719000
25.982569	2.254027	37.873000
26.014563	2.286035	37.919000
26.047133	2.318056	37.965000
26.079653	2.350363	38.011000
26.111570	2.383358	38.056000
26.142592	2.417352	38.102000
26.174674	2.449083	38.148000
26.206490	2.484889	38.194000
26.238977	2.520794	38.239000
26.355201	2.561336	38.288000
26.386730	2.681383	38.451000
26.418956	2.714506	38.497000
26.450862	2.748076	38.542000
26.483640	2.782176	38.588000
26.515603	2.813574	38.634000
26.548223	2.849330	38.680000
26.579958	2.884459	38.726000
26.611283	2.918356	38.772000
26.720713	3.038391	38.818000
26.752822	3.074034	38.973000
26.785346	3.111672	39.019000
26.817797	3.147457	39.065000
26.848936	3.181939	39.111000
26.880411	3.218677	39.156000
26.912549	3.254483	39.202000
26.944639	3.290808	39.248000
26.976591	3.330384	39.294000
27.009768	3.370900	39.340000
27.123889	3.411341	39.386000
27.156132	3.571818	39.551000
27.188666	3.620681	39.597000
27.221926	3.670432	39.642000
27.253595	3.714990	39.688000
27.285773	3.762868	39.734000
27.316582	3.809041	39.780000
27.348983	3.857432	39.825000
27.381148	3.906354	39.871000
27.637868	4.361580	39.917000
27.670747	4.423027	40.285000
27.703227	4.485588	40.330000
27.735096	4.548875	40.376000
27.767030	4.611851	40.422000
27.798052	4.675079	40.468000
27.907263	4.739626	40.514000
27.939656	4.959404	40.670000
27.972442	5.028260	40.716000
28.005500	5.095798	40.761000
28.037117	5.167088	40.807000
28.068863	5.241195	40.853000
28.101589	5.309915	40.900000
28.133535	5.388158	40.946000
28.253480	5.678974	40.992000
28.286255	5.760841	41.163000
28.318174	5.840289	41.209000
28.351230	5.920643	41.255000
28.382024	6.002360	41.301000
28.414081	6.082829	41.347000
28.446553	6.161930	41.393000
28.477906	6.250949	41.439000
28.510981	6.335740	41.484000
28.543154	6.417525	41.530000
28.813955	6.504156	41.576000
28.845655	7.301833	41.963000
28.878187	7.394572	42.009000
28.909887	7.484608	42.055000
29.024589	7.794162	42.101000
29.056247	7.879450	42.263000
29.088199	7.965540	42.310000
29.119636	8.046258	42.355000
29.151710	8.132091	42.401000
29.183370	8.220411	42.447000
29.216086	8.310929	42.492000
29.248516	8.397314	42.538000
29.280398	8.483648	42.584000
29.311701	8.580271	42.629000
29.434275	8.679831	42.675000
29.466603	9.094914	42.851000
29.499045	9.209760	42.897000
29.530754	9.322046	42.943000
29.568862	9.457911	42.997000
29.600549	9.579001	43.042000
29.632973	9.699086	43.088000
29.665299	9.817071	43.134000
29.697575	9.932153	43.180000
29.806191	10.377235	43.226000
29.837689	10.518235	43.381000
29.869877	10.658583	43.427000
29.901546	10.798381	43.473000
29.933922	10.934775	43.519000
29.968106	11.080149	43.568000
30.000354	11.216732	43.614000
30.032976	11.351657	43.659000
30.064856	11.483825	43.705000
30.096810	11.615874	43.751000
30.205129	11.747875	43.797000
30.237202	12.157923	43.952000
30.269547	12.278031	43.998000
30.302069	12.408725	44.044000
30.334826	12.543176	44.090000
30.366107	12.682839	44.136000
30.397316	12.820868	44.181000
30.429259	12.960946	44.227000
30.461595	13.104744	44.273000
30.571622	13.702957	44.318000
30.603564	13.899076	44.475000
30.635877	14.098388	44.520000
30.667863	14.302542	44.566000
30.699794	14.509930	44.612000
30.731146	14.715247	44.658000
30.763225	14.915104	44.704000
30.795687	15.112460	44.749000
30.828156	15.311134	44.795000
30.860115	15.509281	44.841000
30.974844	15.701477	44.887000
31.007783	16.386092	45.051000
31.039904	16.571727	45.097000
31.071206	16.751599	45.143000
31.102912	16.929032	45.189000
31.134599	17.101129	45.235000
31.166877	17.269521	45.280000
31.198665	17.433323	45.326000
31.231189	17.593437	45.372000
31.488941	18.888605	45.417000
31.521403	19.051265	45.786000
31.552842	19.223667	45.832000
31.584652	19.401193	45.877000
31.616926	19.583075	45.923000
31.648887	19.766766	45.969000
31.758488	19.951080	46.015000
