Sample	2mm tape 
date	08/01/2026
	
Temperature (K)	77.00
Angle (deg.)	90.000000
field / T	0.100000
	
		
Approx. trace time (s)	90.0	
		
Current / A	V1  -sample/ uV	time/s
-0.017803	0.464057	0.000000
-0.018686	0.442568	0.300000
-0.018627	0.442245	0.346000
-0.017707	0.438984	0.392000
-0.018269	0.418411	0.438000
-0.018412	0.413738	0.594000
-0.017970	0.413249	0.640000
-0.018472	0.412928	0.686000
-0.017462	0.411204	0.732000
0.001249	0.405231	0.778000
0.043913	0.398715	0.823000
0.073536	0.392752	0.869000
0.104101	0.389199	0.915000
0.135749	0.387510	0.960000
0.166118	0.387324	1.006000
0.268803	0.387112	1.052000
0.299900	0.388336	1.208000
0.330364	0.389541	1.254000
0.360712	0.389939	1.300000
0.391941	0.390847	1.346000
0.422436	0.391910	1.392000
0.452839	0.392308	1.438000
0.484023	0.394551	1.483000
0.593398	0.415901	1.531000
0.623909	0.417015	1.694000
0.654766	0.411652	1.740000
0.684484	0.411511	1.786000
0.714767	0.418728	1.832000
0.744691	0.421631	1.878000
0.775748	0.425275	1.924000
0.807489	0.425134	1.970000
0.837678	0.424222	2.016000
0.868850	0.423557	2.061000
0.898888	0.420875	2.107000
1.002965	0.419892	2.153000
1.032290	0.433163	2.309000
1.063266	0.438485	2.355000
1.094268	0.442109	2.401000
1.125197	0.444613	2.447000
1.155218	0.447417	2.493000
1.186114	0.453911	2.539000
1.216051	0.461970	2.584000
1.325637	0.456780	2.630000
1.356705	0.457617	2.794000
1.386187	0.465982	2.840000
1.417433	0.472933	2.886000
1.447026	0.477187	2.932000
1.479031	0.472005	2.978000
1.509581	0.461325	3.024000
1.541587	0.455248	3.070000
1.570897	0.452748	3.116000
1.601493	0.455363	3.162000
1.630799	0.455353	3.208000
1.735558	0.454280	3.253000
1.766606	0.438283	3.409000
1.797269	0.437382	3.455000
1.828102	0.437129	3.501000
1.858650	0.429993	3.547000
1.888852	0.424611	3.593000
1.919075	0.412999	3.638000
1.950145	0.403595	3.685000
2.202031	0.377413	3.731000
2.231716	0.371542	4.107000
2.261534	0.367324	4.152000
2.292393	0.362960	4.198000
2.322886	0.355945	4.244000
2.354425	0.350676	4.290000
2.458947	0.349542	4.335000
2.488160	0.337265	4.492000
2.518697	0.337326	4.537000
2.548983	0.341106	4.583000
2.578574	0.339915	4.629000
2.610346	0.338708	4.675000
2.641039	0.338421	4.721000
2.671748	0.340117	4.766000
2.701753	0.339739	4.812000
2.805346	0.332057	4.858000
2.836823	0.337593	5.014000
2.867038	0.343782	5.060000
2.898231	0.346408	5.106000
2.928837	0.346650	5.151000
2.959823	0.338890	5.198000
2.990190	0.327625	5.243000
3.019688	0.320731	5.289000
3.049447	0.315714	5.335000
3.080381	0.310717	5.381000
3.330502	0.306886	5.426000
3.361570	0.254309	5.801000
3.390823	0.247162	5.847000
3.421788	0.239994	5.892000
3.526289	0.226249	5.938000
3.556647	0.218910	6.094000
3.588078	0.209411	6.140000
3.617277	0.199615	6.186000
3.647342	0.191841	6.232000
3.677777	0.185982	6.277000
3.708342	0.182262	6.323000
3.739884	0.179960	6.369000
3.770329	0.173551	6.415000
3.801096	0.164763	6.460000
3.831752	0.152619	6.506000
3.935153	0.146628	6.552000
3.966226	0.131966	6.708000
3.996195	0.123064	6.754000
4.027477	0.114213	6.800000
4.058263	0.107928	6.846000
4.087844	0.105821	6.891000
4.118971	0.103523	6.937000
4.148415	0.101270	6.983000
4.260499	0.081952	7.029000
4.290774	0.086689	7.194000
4.320803	0.090364	7.240000
4.350997	0.088453	7.286000
4.381974	0.083635	7.331000
4.412935	0.088997	7.377000
4.443111	0.097787	7.423000
4.473934	0.104486	7.468000
4.503645	0.106804	7.514000
4.533528	0.105227	7.559000
4.564020	0.106088	7.605000
4.669060	0.109823	7.651000
4.700411	0.133642	7.807000
4.730652	0.130799	7.853000
4.760621	0.126405	7.898000
4.790103	0.122801	7.944000
4.820794	0.126465	7.990000
4.851260	0.133945	8.036000
4.882481	0.137695	8.081000
4.993929	0.130502	8.126000
5.023747	0.135303	8.294000
5.054021	0.138124	8.340000
5.085011	0.137251	8.385000
5.116441	0.136338	8.431000
5.146344	0.138922	8.477000
5.176231	0.145776	8.523000
5.206473	0.151342	8.568000
5.236942	0.153786	8.614000
5.267431	0.152090	8.660000
5.298763	0.148411	8.706000
5.402863	0.147987	8.751000
5.432871	0.146780	8.907000
5.463300	0.144529	8.953000
5.493177	0.144549	8.999000
5.523846	0.147764	9.045000
5.554781	0.152570	9.090000
5.585714	0.153442	9.136000
5.616281	0.150520	9.182000
5.868547	0.145988	9.227000
5.898991	0.153483	9.607000
5.929778	0.163900	9.653000
5.960414	0.174121	9.698000
5.991320	0.183060	9.744000
6.022024	0.188385	9.790000
6.124842	0.195087	9.836000
6.155042	0.211365	9.991000
6.185602	0.213950	10.037000
6.216281	0.219446	10.082000
6.247648	0.229328	10.128000
6.278054	0.242724	10.174000
6.308493	0.256857	10.220000
6.338693	0.269576	10.266000
6.368663	0.273826	10.311000
6.472569	0.282089	10.358000
6.504224	0.291718	10.513000
6.535256	0.303751	10.559000
6.566067	0.314830	10.605000
6.596369	0.323113	10.651000
6.626804	0.323632	10.697000
6.656927	0.324349	10.742000
6.687446	0.329805	10.788000
6.718660	0.342262	10.834000
6.749751	0.352976	10.880000
6.998580	0.359810	10.926000
7.028357	0.380369	11.301000
7.059652	0.378902	11.347000
7.090814	0.382263	11.392000
7.194804	0.388724	11.438000
7.225386	0.386980	11.595000
7.254378	0.386980	11.641000
7.285740	0.390060	11.686000
7.316184	0.394017	11.732000
7.347266	0.395463	11.778000
7.377851	0.393613	11.823000
7.408714	0.397571	11.869000
7.438570	0.402096	11.915000
7.468799	0.404314	11.960000
7.498756	0.404107	12.006000
7.603379	0.401607	12.052000
7.634320	0.404596	12.208000
7.665034	0.404989	12.254000
7.695111	0.400609	12.300000
7.724798	0.399158	12.345000
7.755003	0.400211	12.391000
7.784805	0.401526	12.437000
7.816189	0.398115	12.482000
7.926707	0.392162	12.528000
7.957434	0.396668	12.695000
7.987916	0.397268	12.740000
8.018558	0.392233	12.786000
8.049975	0.383014	12.832000
8.080007	0.379043	12.877000
8.110520	0.377646	12.923000
8.140095	0.376151	12.969000
8.170755	0.371393	13.015000
8.200497	0.364770	13.061000
8.232082	0.360511	13.106000
8.336056	0.357663	13.152000
8.366602	0.327019	13.307000
8.396672	0.318156	13.353000
8.427010	0.317621	13.399000
8.457421	0.319635	13.445000
8.488708	0.318585	13.491000
8.520152	0.313321	13.537000
8.549954	0.299789	13.582000
8.659963	0.268880	13.628000
8.690951	0.263974	13.795000
8.722239	0.263101	13.841000
8.752958	0.254026	13.886000
8.782381	0.247419	13.932000
8.813211	0.245794	13.978000
8.843458	0.238565	14.024000
8.874137	0.229440	14.070000
8.904292	0.222378	14.116000
8.935871	0.216852	14.162000
8.966091	0.210840	14.207000
9.069911	0.201564	14.253000
9.099686	0.181632	14.409000
9.129783	0.181470	14.454000
9.160158	0.179900	14.500000
9.191296	0.172622	14.546000
9.222574	0.161287	14.592000
9.253041	0.153226	14.638000
9.283047	0.151293	14.684000
9.534311	0.129806	14.732000
9.565595	0.129877	15.107000
9.596537	0.127387	15.153000
9.626939	0.119622	15.199000
9.657690	0.111440	15.245000
9.687704	0.105116	15.290000
9.790796	0.103010	15.336000
9.821513	0.105409	15.492000
9.852604	0.111844	15.538000
9.883587	0.115256	15.583000
9.913790	0.109783	15.630000
9.944121	0.101744	15.675000
9.974097	0.100691	15.721000
10.004316	0.102595	15.767000
10.035600	0.101245	15.813000
10.139646	0.085676	15.859000
10.170164	0.085525	16.015000
10.200210	0.089538	16.060000
10.230257	0.093596	16.106000
10.260655	0.095273	16.152000
10.291255	0.096063	16.198000
10.322297	0.092149	16.243000
10.353594	0.087027	16.289000
10.384003	0.086136	16.335000
10.414110	0.086962	16.380000
10.663462	0.090002	16.426000
10.694559	0.062670	16.801000
10.725266	0.066463	16.847000
10.756157	0.069625	16.893000
10.859592	0.063063	16.939000
10.889899	0.071192	17.095000
10.920602	0.080416	17.141000
10.951353	0.088056	17.187000
10.982850	0.089901	17.232000
11.012698	0.086287	17.278000
11.042564	0.088293	17.324000
11.072877	0.092743	17.370000
11.103305	0.094860	17.416000
11.133451	0.095152	17.462000
11.164183	0.091247	17.507000
11.268249	0.087713	17.553000
11.299108	0.088016	17.709000
11.329152	0.083494	17.754000
11.358859	0.081277	17.800000
11.390088	0.081600	17.846000
11.420216	0.085924	17.892000
11.451297	0.092149	17.937000
11.481814	0.096226	17.983000
11.591534	0.080627	18.029000
11.622641	0.082360	18.195000
11.653846	0.083227	18.241000
11.684547	0.080142	18.287000
11.714929	0.071625	18.333000
11.745111	0.064917	18.379000
11.775294	0.062568	18.425000
11.806355	0.062140	18.471000
11.836011	0.058043	18.516000
11.867320	0.047624	18.562000
11.898972	0.038108	18.608000
12.002160	0.038567	18.654000
12.032361	0.040608	18.810000
12.062772	0.034284	18.856000
12.093606	0.038371	18.901000
12.124293	0.048184	18.947000
12.155536	0.056858	18.993000
12.186463	0.059549	19.039000
12.216932	0.057578	19.085000
12.325953	0.073239	19.131000
12.356678	0.075284	19.295000
12.388269	0.079563	19.341000
12.417063	0.086740	19.387000
12.447482	0.090556	19.432000
12.478145	0.091247	19.478000
12.509006	0.095823	19.524000
12.539371	0.102707	19.570000
12.570134	0.114410	19.615000
12.600801	0.131022	19.661000
12.631397	0.148320	19.707000
12.734083	0.161927	19.753000
12.764454	0.186835	19.909000
12.795686	0.195007	19.955000
12.826714	0.198827	20.000000
12.857340	0.201887	20.046000
12.886997	0.207959	20.092000
12.917083	0.214823	20.138000
12.947589	0.217906	20.184000
13.201598	0.281388	20.230000
13.232153	0.294455	20.607000
13.262652	0.305578	20.653000
13.292328	0.311943	20.699000
13.322630	0.320004	20.745000
13.352485	0.329503	20.790000
13.457328	0.338421	20.836000
13.488099	0.352138	20.992000
13.518894	0.358736	21.038000
13.548971	0.368030	21.084000
13.578819	0.373992	21.129000
13.609336	0.378408	21.175000
13.640414	0.379104	21.221000
13.671185	0.375706	21.267000
13.701973	0.372626	21.313000
13.805396	0.381472	21.358000
13.835157	0.378760	21.515000
13.865355	0.370419	21.561000
13.895826	0.361695	21.606000
13.926978	0.357724	21.652000
13.957709	0.353188	21.698000
13.988394	0.350143	21.744000
14.019048	0.348217	21.789000
14.049316	0.345112	21.835000
14.079430	0.343580	21.881000
14.330272	0.342515	21.927000
14.360967	0.336740	22.301000
14.391186	0.337694	22.347000
14.420897	0.340198	22.393000
14.525228	0.350788	22.439000
14.555985	0.354494	22.595000
14.587161	0.356197	22.641000
14.618517	0.357512	22.687000
14.648639	0.359013	22.733000
14.678400	0.360642	22.779000
14.708311	0.364386	22.825000
14.739011	0.365390	22.870000
14.769373	0.368090	22.916000
14.800295	0.368549	22.962000
14.831130	0.369527	23.008000
14.934149	0.369054	23.053000
14.965108	0.376432	23.209000
14.994913	0.377485	23.254000
15.025312	0.380187	23.300000
15.056295	0.379512	23.346000
15.087417	0.382556	23.392000
15.116978	0.389229	23.437000
15.147107	0.396930	23.483000
15.258262	0.382812	23.529000
15.288963	0.373337	23.695000
15.319634	0.370888	23.741000
15.349069	0.371049	23.787000
15.379653	0.371039	23.833000
15.410380	0.367910	23.879000
15.441462	0.361604	23.924000
15.471702	0.359316	23.970000
15.502508	0.358353	24.016000
15.532937	0.359678	24.062000
15.562903	0.362496	24.107000
15.667399	0.359316	24.153000
15.697258	0.339314	24.309000
15.728224	0.341127	24.355000
15.759850	0.340187	24.401000
15.790159	0.338179	24.446000
15.819608	0.334954	24.492000
15.849851	0.327332	24.538000
15.880339	0.325102	24.584000
15.992399	0.334237	24.630000
16.022428	0.328791	24.795000
16.052109	0.329250	24.841000
16.083022	0.333424	24.887000
16.113355	0.337185	24.933000
16.144933	0.341505	24.979000
16.175237	0.342530	25.024000
16.205388	0.340259	25.070000
16.235438	0.337442	25.116000
16.265289	0.336215	25.161000
16.295604	0.337276	25.207000
16.400439	0.339314	25.253000
16.431255	0.335848	25.409000
16.462114	0.336427	25.455000
16.492079	0.341818	25.501000
16.522093	0.343580	25.546000
16.552611	0.342243	25.592000
16.583009	0.335787	25.638000
16.614231	0.330527	25.683000
16.867184	0.355325	25.729000
16.897159	0.354575	26.108000
16.927226	0.357160	26.153000
16.958135	0.358942	26.199000
16.988077	0.356968	26.245000
17.018711	0.353016	26.291000
17.122979	0.349745	26.336000
17.153158	0.359860	26.492000
17.183293	0.363862	26.538000
17.213561	0.366916	26.584000
17.244364	0.372062	26.630000
17.275736	0.375298	26.676000
17.306608	0.380646	26.722000
17.337190	0.385595	26.768000
17.367707	0.389959	26.813000
17.470339	0.390373	26.859000
17.501849	0.394390	27.015000
17.532362	0.393226	27.061000
17.562886	0.388704	27.107000
17.593157	0.387051	27.153000
17.623848	0.390303	27.198000
17.654261	0.395705	27.244000
17.684361	0.400619	27.290000
17.714617	0.400861	27.335000
17.745618	0.398705	27.381000
17.995872	0.400241	27.427000
18.026269	0.414464	27.801000
18.055880	0.409374	27.847000
18.086462	0.402691	27.893000
18.192338	0.380136	27.939000
18.222726	0.375207	28.095000
18.252968	0.373101	28.141000
18.282889	0.372727	28.187000
18.313149	0.371411	28.232000
18.344409	0.367688	28.278000
18.374342	0.362688	28.324000
18.405381	0.360612	28.370000
18.436232	0.364527	28.416000
18.466368	0.370107	28.462000
18.496514	0.373751	28.507000
18.600410	0.375756	28.553000
18.630416	0.384682	28.709000
18.661929	0.389229	28.755000
18.693040	0.386285	28.801000
18.723434	0.379441	28.847000
18.753059	0.375227	28.893000
18.783397	0.378337	28.938000
18.813958	0.383649	28.984000
18.925305	0.376533	29.030000
18.955649	0.378529	29.196000
18.985320	0.379773	29.241000
19.015616	0.380147	29.287000
19.046440	0.377944	29.333000
19.077781	0.379603	29.379000
19.108584	0.381321	29.425000
19.139061	0.380524	29.471000
19.168974	0.376391	29.516000
19.199239	0.374784	29.562000
19.229823	0.376240	29.608000
19.333755	0.380908	29.654000
19.364948	0.392318	29.809000
19.395262	0.391880	29.855000
19.425431	0.393523	29.901000
19.455152	0.396900	29.946000
19.486113	0.401739	29.992000
19.516647	0.406894	30.038000
19.547780	0.411173	30.084000
19.657632	0.412816	30.130000
19.688364	0.412045	30.296000
19.719501	0.413099	30.342000
19.749853	0.410508	30.388000
19.781351	0.408895	30.434000
19.811478	0.406601	30.480000
19.841807	0.405282	30.525000
19.871826	0.407337	30.571000
19.902589	0.414051	30.617000
19.932800	0.423284	30.663000
20.053595	0.431480	30.709000
20.084546	0.441796	30.889000
20.115013	0.449946	30.935000
20.146041	0.460997	30.981000
20.176782	0.470462	31.027000
20.207416	0.475811	31.073000
20.237964	0.476692	31.118000
20.267657	0.477316	31.164000
20.297697	0.481491	31.210000
20.542889	0.524048	31.256000
20.573412	0.529119	31.623000
20.604027	0.528927	31.669000
20.635706	0.528046	31.715000
20.666468	0.530172	31.761000
20.696801	0.537693	31.807000
20.799344	0.546355	31.853000
20.830335	0.574311	32.008000
20.860435	0.581256	32.054000
20.891949	0.588867	32.100000
20.922759	0.600506	32.145000
20.953324	0.611454	32.191000
20.982908	0.621331	32.237000
21.013128	0.626096	32.283000
21.125094	0.637457	32.328000
21.155783	0.643927	32.496000
21.186642	0.650363	32.542000
21.215541	0.657106	32.588000
21.246350	0.664586	32.633000
21.277749	0.670072	32.679000
21.308667	0.675798	32.725000
21.339095	0.679664	32.771000
21.369948	0.681789	32.816000
21.400213	0.682268	32.862000
21.429969	0.685624	32.908000
21.674920	0.688804	32.953000
21.705481	0.716277	33.321000
21.736092	0.716675	33.367000
21.766985	0.720607	33.413000
21.870973	0.729964	33.459000
21.901628	0.732832	33.615000
21.931150	0.736707	33.660000
21.961561	0.733553	33.706000
21.992283	0.724836	33.751000
22.022871	0.715923	33.797000
22.053943	0.710134	33.843000
22.084905	0.710997	33.889000
22.115478	0.721136	33.935000
22.145217	0.732003	33.981000
22.254685	0.739231	34.026000
22.284347	0.739110	34.189000
22.314894	0.749815	34.235000
22.344681	0.758198	34.281000
22.375303	0.763155	34.327000
22.405859	0.768711	34.372000
22.437582	0.779185	34.418000
22.467722	0.788630	34.464000
22.497345	0.797451	34.509000
22.600452	0.810702	34.555000
22.631356	0.813200	34.711000
22.662384	0.810490	34.757000
22.693514	0.808533	34.803000
22.724117	0.813922	34.849000
22.753831	0.819713	34.894000
22.783773	0.820208	34.940000
22.814282	0.819294	34.986000
22.844557	0.817849	35.031000
22.875283	0.816064	35.077000
22.986215	0.810091	35.123000
23.016726	0.803735	35.289000
23.047408	0.807018	35.335000
23.078584	0.812097	35.381000
23.109181	0.814023	35.427000
23.139802	0.813942	35.473000
23.169746	0.805020	35.518000
23.199577	0.795626	35.564000
23.229652	0.786002	35.610000
23.333851	0.772847	35.656000
23.365253	0.772055	35.811000
23.395878	0.770994	35.857000
23.426669	0.770040	35.903000
23.456802	0.768456	35.948000
23.486977	0.767880	35.994000
23.517426	0.766926	36.040000
23.547983	0.764851	36.086000
23.578702	0.761475	36.131000
23.609280	0.761016	36.177000
23.719929	0.758992	36.222000
23.750404	0.749624	36.389000
23.781391	0.745954	36.435000
23.812503	0.745920	36.481000
23.843003	0.749276	36.527000
23.873896	0.754772	36.574000
23.904198	0.758189	36.620000
23.933939	0.758643	36.666000
23.964961	0.758158	36.711000
24.209923	0.755544	36.757000
24.240530	0.767087	37.125000
24.271505	0.777355	37.171000
24.302527	0.785582	37.217000
24.333365	0.795868	37.263000
24.453861	0.803454	37.309000
24.484735	0.830584	37.490000
24.515363	0.837444	37.535000
24.545382	0.847428	37.581000
24.575061	0.859545	37.627000
24.605957	0.868460	37.673000
24.636032	0.875193	37.718000
24.667603	0.878384	37.765000
24.698175	0.881063	37.811000
24.802461	0.907862	37.856000
24.832206	0.917060	38.012000
24.862515	0.923732	38.058000
24.892972	0.927886	38.104000
24.923604	0.925668	38.150000
24.955104	0.921646	38.195000
24.985637	0.921244	38.241000
25.015754	0.923772	38.287000
25.045881	0.926383	38.333000
25.075831	0.927865	38.378000
25.328447	0.930628	38.424000
25.359848	0.978875	38.802000
25.390134	0.979078	38.848000
25.420205	0.976189	38.894000
25.523949	0.986053	38.939000
25.554164	0.988553	39.096000
25.585154	0.992640	39.142000
25.616229	0.990230	39.187000
25.646852	0.983825	39.233000
25.676696	0.980735	39.279000
25.706925	0.977590	39.325000
25.737031	0.974663	39.370000
25.767321	0.970429	39.416000
25.797784	0.968992	39.462000
25.829497	0.970787	39.508000
25.934326	0.971739	39.554000
25.963898	0.960913	39.709000
25.994238	0.964467	39.755000
26.024593	0.966451	39.801000
26.055185	0.962908	39.847000
26.086324	0.960873	39.893000
26.117298	0.960671	39.939000
26.147252	0.961977	39.984000
26.257022	0.970288	40.030000
26.288518	0.975096	40.196000
26.319769	0.976608	40.242000
26.350405	0.972454	40.288000
26.380255	0.968751	40.334000
26.410518	0.969340	40.380000
26.440689	0.971179	40.426000
26.471313	0.972555	40.471000
26.502203	0.970575	40.517000
26.533142	0.967516	40.563000
26.563258	0.969713	40.609000
26.666710	0.973679	40.655000
26.697030	0.973689	40.810000
26.727428	0.974461	40.856000
26.758177	0.976810	40.902000
26.789508	0.978176	40.948000
26.820261	0.984298	40.994000
26.850676	0.988310	41.040000
26.881024	0.992579	41.086000
26.990759	0.978916	41.134000
27.021270	0.975191	41.296000
27.051752	0.973287	41.342000
27.081724	0.970837	41.387000
27.111964	0.968549	41.433000
27.142471	0.968044	41.479000
27.174054	0.967415	41.525000
27.204970	0.965611	41.571000
27.235719	0.963121	41.616000
27.265739	0.961008	41.662000
27.295906	0.961906	41.708000
27.399629	0.963832	41.754000
27.430007	0.965196	41.909000
27.460989	0.959335	41.955000
27.491402	0.952839	42.001000
27.522497	0.945722	42.047000
27.551604	0.935083	42.093000
27.582408	0.925476	42.138000
27.612846	0.919736	42.184000
27.866026	0.889849	42.230000
27.896197	0.886583	42.608000
27.926791	0.882611	42.654000
27.956671	0.879356	42.700000
27.987144	0.875516	42.746000
28.017548	0.872381	42.792000
28.122106	0.872844	42.838000
28.152763	0.868127	42.993000
28.183193	0.868737	43.039000
28.213948	0.874588	43.085000
28.243737	0.880984	43.131000
28.274490	0.885952	43.176000
28.304772	0.884447	43.222000
28.336182	0.876478	43.268000
28.366361	0.875773	43.314000
28.470122	0.883171	43.359000
28.500019	0.881437	43.515000
28.530472	0.885479	43.561000
28.561296	0.891482	43.606000
28.592454	0.895826	43.652000
28.622998	0.899935	43.698000
28.653557	0.905362	43.744000
28.683607	0.915241	43.790000
28.713651	0.924524	43.835000
28.744424	0.932714	43.882000
28.994835	0.937836	43.927000
29.025319	0.967919	44.302000
29.055742	0.974722	44.348000
29.085994	0.979128	44.394000
29.190081	0.997636	44.440000
29.221247	1.009059	44.596000
29.252240	1.017402	44.642000
29.283374	1.016695	44.688000
29.313359	1.017554	44.734000
29.343190	1.028067	44.780000
29.373822	1.042991	44.826000
29.404329	1.053339	44.871000
29.435258	1.061005	44.917000
29.466252	1.067562	44.963000
29.496922	1.075107	45.009000
29.600186	1.079973	45.055000
29.630958	1.110395	45.211000
29.660952	1.116976	45.256000
29.692065	1.113620	45.302000
29.723058	1.109536	45.348000
29.754466	1.114189	45.394000
29.784045	1.122054	45.440000
29.814278	1.129559	45.485000
29.924449	1.130558	45.531000
29.954896	1.131899	45.696000
29.985749	1.134737	45.742000
30.015188	1.137098	45.788000
30.045538	1.135751	45.834000
30.076331	1.132212	45.879000
30.107184	1.123829	45.925000
30.137916	1.114084	45.971000
30.168249	1.107739	46.017000
30.198472	1.106856	46.062000
30.228754	1.105750	46.108000
30.332367	1.104029	46.154000
30.363132	1.069671	46.310000
30.394396	1.063498	46.355000
30.424576	1.061489	46.401000
30.455301	1.062564	46.447000
30.485326	1.061762	46.493000
30.515791	1.058103	46.539000
30.546313	1.049831	46.585000
30.657546	1.041518	46.631000
30.687531	1.037060	46.796000
30.717253	1.037071	46.842000
30.748473	1.041805	46.888000
30.778899	1.046313	46.934000
30.810165	1.050623	46.979000
30.840342	1.049871	47.025000
30.870505	1.046438	47.071000
30.900728	1.047055	47.117000
30.931160	1.052753	47.162000
30.961896	1.063307	47.208000
31.066433	1.069661	47.254000
31.097549	1.064432	47.410000
31.127745	1.063741	47.456000
31.157424	1.064472	47.501000
31.186729	1.062626	47.547000
31.217277	1.057922	47.592000
31.248172	1.053298	47.638000
31.279123	1.053086	47.684000
31.531618	1.051365	47.730000
31.562222	1.045798	48.108000
31.592514	1.042829	48.154000
31.623351	1.040129	48.200000
31.653520	1.040751	48.246000
31.684863	1.038549	48.291000
31.788056	1.029707	48.338000
31.817846	1.014666	48.493000
31.848279	1.018265	48.539000
31.878876	1.020148	48.584000
31.910447	1.017705	48.630000
31.941561	1.010734	48.676000
31.971819	1.003648	48.722000
32.002295	1.002664	48.768000
32.032808	1.009538	48.814000
32.135744	1.009190	48.859000
32.166276	1.009770	49.015000
32.197768	1.015529	49.060000
32.228594	1.021354	49.107000
32.258606	1.024256	49.152000
32.289151	1.021601	49.198000
32.319263	1.018619	49.244000
32.349543	1.021162	49.290000
32.380227	1.025149	49.336000
32.410880	1.027325	49.382000
32.660143	1.026870	49.427000
32.690539	1.035996	49.802000
32.721023	1.040771	49.848000
32.752041	1.051759	49.894000
32.857331	1.081957	49.940000
32.888288	1.089134	50.096000
32.918288	1.092722	50.142000
32.948476	1.091234	50.188000
32.979598	1.091173	50.234000
33.009614	1.091496	50.280000
33.040574	1.095054	50.325000
33.071170	1.101504	50.371000
33.101865	1.111712	50.417000
33.131854	1.119529	50.463000
33.162053	1.128836	50.508000
33.265434	1.134393	50.554000
33.296341	1.143494	50.710000
33.327620	1.146901	50.756000
33.357801	1.152019	50.801000
33.388124	1.161644	50.847000
33.417336	1.172955	50.893000
33.447924	1.183761	50.938000
33.478466	1.190231	50.984000
33.590564	1.185099	51.030000
33.620906	1.186774	51.196000
33.650913	1.189762	51.242000
33.682127	1.192301	51.288000
33.712973	1.194527	51.334000
33.743726	1.190948	51.380000
33.773941	1.183771	51.425000
33.803987	1.180293	51.471000
33.834079	1.182121	51.517000
33.864521	1.184210	51.563000
33.895409	1.182727	51.609000
34.000119	1.180955	51.655000
34.030607	1.178219	51.811000
34.061640	1.176675	51.857000
34.091759	1.174242	51.902000
34.121567	1.168473	51.948000
34.152455	1.159514	51.994000
34.182835	1.152761	52.040000
34.213972	1.147123	52.086000
34.323039	1.152367	52.131000
34.353139	1.146932	52.297000
34.384587	1.138578	52.342000
34.415298	1.134676	52.388000
34.446109	1.131442	52.434000
34.476382	1.129463	52.480000
34.506543	1.127863	52.526000
34.536455	1.126636	52.571000
34.567127	1.122906	52.617000
34.597869	1.112585	52.663000
34.628821	1.098718	52.709000
34.734231	1.087332	52.755000
34.763551	1.056907	52.911000
34.794323	1.047756	52.957000
34.824200	1.040251	53.003000
34.855042	1.034058	53.048000
34.885994	1.027320	53.094000
34.917247	1.020334	53.140000
34.946843	1.007873	53.185000
35.197585	0.971138	53.231000
35.227985	0.971299	53.609000
35.259226	0.969672	53.654000
35.290190	0.966220	53.700000
35.320993	0.959924	53.746000
35.350770	0.953992	53.792000
35.453998	0.951765	53.838000
35.484812	0.947158	53.993000
35.515377	0.939890	54.039000
35.546476	0.933621	54.085000
35.577064	0.929805	54.131000
35.607582	0.930637	54.176000
35.638101	0.933978	54.222000
35.668028	0.935476	54.268000
35.698589	0.931710	54.314000
35.802930	0.914257	54.360000
35.833622	0.918319	54.515000
35.864667	0.920341	54.561000
35.894045	0.918234	54.607000
35.924398	0.914712	54.652000
35.955005	0.907700	54.698000
35.985385	0.905926	54.744000
36.016500	0.905917	54.790000
36.046903	0.903478	54.836000
36.077502	0.893008	54.881000
36.327180	0.886442	54.927000
36.357714	0.863888	55.302000
36.389070	0.855577	55.348000
36.419601	0.856333	55.394000
36.523412	0.845282	55.440000
36.553904	0.839438	55.597000
36.583977	0.834681	55.643000
36.615041	0.834491	55.688000
36.646232	0.839671	55.734000
36.677469	0.844449	55.780000
36.707700	0.846285	55.826000
36.738153	0.841767	55.872000
36.767769	0.839408	55.917000
36.797988	0.844418	55.963000
36.827777	0.852166	56.009000
36.932832	0.859333	56.054000
36.963658	0.866942	56.210000
36.993908	0.876917	56.256000
37.024016	0.883353	56.301000
37.054350	0.880323	56.348000
37.084884	0.878775	56.393000
37.115829	0.883432	56.439000
37.146878	0.892117	56.485000
37.256256	0.902010	56.531000
37.286168	0.904359	56.697000
37.317870	0.907271	56.743000
37.348454	0.908235	56.788000
37.379587	0.904187	56.834000
37.409476	0.901379	56.880000
37.439403	0.902493	56.926000
37.470352	0.902902	56.972000
37.500544	0.896361	57.018000
37.531036	0.888861	57.064000
37.561981	0.885111	57.109000
37.666449	0.887909	57.155000
37.696591	0.912079	57.311000
37.726737	0.915322	57.357000
37.756914	0.919236	57.403000
37.787448	0.922297	57.449000
37.818397	0.925057	57.495000
37.850141	0.931428	57.541000
37.880237	0.939080	57.586000
37.989815	0.987510	57.632000
38.020737	0.991894	57.797000
38.051459	0.999217	57.842000
38.081859	1.014535	57.888000
38.111632	1.024175	57.934000
38.141909	1.031827	57.980000
38.172036	1.039968	58.026000
38.203472	1.047368	58.072000
38.233918	1.048645	58.117000
38.264621	1.049559	58.163000
38.295528	1.058002	58.209000
38.398678	1.069580	58.255000
38.429001	1.100096	58.411000
38.459650	1.110792	58.457000
38.491049	1.116183	58.503000
38.522271	1.119106	58.549000
38.552739	1.123239	58.594000
38.582232	1.133207	58.640000
38.612859	1.144640	58.686000
38.864803	1.185200	58.732000
38.895871	1.194365	59.109000
38.926724	1.200907	59.155000
38.957181	1.202971	59.201000
38.986620	1.206790	59.247000
39.016962	1.216076	59.292000
39.120562	1.221846	59.338000
39.151961	1.221826	59.493000
39.182345	1.219338	59.539000
39.212644	1.214720	59.585000
39.242691	1.213826	59.631000
39.272764	1.217746	59.676000
39.303067	1.223691	59.722000
39.333790	1.229431	59.768000
39.364473	1.229724	59.813000
39.468185	1.226434	59.859000
39.498477	1.221685	60.014000
39.528753	1.218485	60.060000
39.559303	1.216706	60.106000
39.590402	1.212944	60.152000
39.620970	1.203965	60.198000
39.651424	1.194183	60.244000
39.682269	1.194577	60.289000
39.712930	1.195016	60.335000
39.742092	1.194163	60.381000
39.994359	1.190989	60.427000
40.024993	1.147420	60.803000
40.054567	1.148370	60.848000
40.084943	1.147542	60.894000
40.189054	1.122366	60.940000
40.219300	1.109707	61.097000
40.250541	1.100439	61.143000
40.281813	1.100065	61.188000
40.312005	1.104402	61.234000
40.342024	1.106129	61.280000
40.372082	1.103135	61.326000
40.402981	1.094640	61.371000
40.433569	1.088477	61.417000
40.464172	1.086877	61.463000
40.495397	1.091526	61.509000
40.598463	1.097133	61.554000
40.628782	1.087160	61.710000
40.659662	1.080144	61.756000
40.689589	1.072623	61.802000
40.720484	1.066062	61.847000
40.751195	1.062766	61.893000
40.781929	1.060691	61.939000
40.812605	1.063367	61.985000
40.922686	1.063771	62.031000
40.953769	1.056998	62.197000
40.984630	1.044905	62.243000
41.015122	1.033775	62.289000
41.044830	1.031160	62.335000
41.074419	1.033502	62.380000
41.104711	1.031817	62.426000
41.136152	1.028768	62.472000
41.166851	1.025684	62.518000
41.198061	1.021152	62.563000
41.228622	1.018568	62.609000
41.331745	1.018053	62.655000
41.362825	1.024781	62.811000
41.393075	1.022918	62.857000
41.424131	1.021551	62.903000
41.454539	1.021601	62.949000
41.485488	1.021712	62.995000
41.515011	1.024801	63.040000
41.545077	1.027315	63.086000
41.656414	1.025755	63.132000
41.687025	1.022238	63.297000
41.716921	1.021354	63.343000
41.747102	1.010336	63.389000
41.777693	1.007984	63.435000
41.808454	1.002906	63.481000
41.839299	1.001457	63.526000
41.870075	1.000039	63.572000
41.900141	1.004254	63.618000
41.929960	1.006475	63.663000
41.960233	1.009160	63.709000
42.064336	1.001761	63.755000
42.094912	0.981940	63.910000
42.126368	0.983865	63.956000
42.156438	0.982812	64.002000
42.187175	0.979550	64.048000
42.216968	0.977539	64.094000
42.247110	0.980545	64.139000
42.277982	0.986123	64.185000
42.531652	0.998666	64.231000
42.561679	1.002733	64.609000
42.592086	1.007458	64.655000
42.621944	1.007549	64.701000
42.652735	1.010679	64.747000
42.683354	1.015271	64.793000
42.788175	1.024336	64.839000
42.819040	1.045177	64.995000
42.849543	1.046282	65.041000
42.879420	1.052661	65.087000
42.909793	1.062806	65.133000
42.940289	1.071518	65.178000
42.970746	1.077862	65.224000
43.002021	1.080679	65.270000
43.033009	1.083884	65.316000
43.136197	1.103215	65.362000
43.166305	1.107729	65.518000
43.197004	1.116416	65.564000
43.227723	1.125400	65.609000
43.258856	1.131552	65.655000
43.290066	1.138780	65.701000
43.320312	1.147461	65.747000
43.350574	1.154830	65.792000
43.379959	1.158994	65.838000
43.410647	1.157798	65.884000
43.659825	1.159190	65.930000
43.690267	1.194072	66.303000
43.720348	1.199558	66.349000
43.750908	1.204208	66.395000
43.856322	1.218973	66.440000
43.887509	1.221261	66.597000
43.917951	1.224764	66.643000
43.948024	1.229144	66.689000
43.977632	1.233166	66.735000
44.008458	1.234985	66.781000
44.039019	1.232953	66.827000
44.069753	1.232434	66.872000
44.100844	1.236810	66.918000
44.131370	1.244899	66.964000
44.161766	1.253553	67.009000
44.264874	1.261011	67.055000
44.295431	1.267085	67.211000
44.326192	1.270517	67.257000
44.357245	1.278324	67.303000
44.388436	1.287482	67.349000
44.419454	1.295969	67.395000
44.448962	1.306210	67.441000
44.478839	1.309513	67.487000
44.589900	1.340769	67.532000
44.620000	1.350264	67.697000
44.650345	1.355032	67.743000
44.680196	1.359054	67.789000
44.711548	1.368357	67.835000
44.741771	1.382162	67.881000
44.772966	1.397711	67.926000
44.803315	1.412191	67.972000
44.834437	1.423566	68.018000
44.864483	1.429492	68.064000
44.894138	1.436084	68.110000
44.998625	1.444699	68.155000
45.028844	1.463087	68.311000
45.043761	1.469048	68.357000
45.090815	1.471555	68.403000
45.120915	1.475477	68.449000
45.150665	1.476734	68.495000
45.180834	1.480858	68.541000
45.211464	1.489640	68.587000
45.321503	1.504228	68.633000
45.352118	1.506236	68.797000
45.382252	1.517915	68.843000
45.413316	1.526147	68.889000
45.444273	1.530962	68.935000
45.475080	1.529469	68.980000
45.505114	1.526093	69.026000
45.535291	1.525537	69.072000
45.565591	1.527384	69.118000
45.595875	1.527036	69.163000
45.626071	1.523987	69.209000
45.731120	1.520712	69.255000
45.761646	1.522690	69.411000
45.791608	1.523316	69.456000
45.822353	1.523609	69.502000
45.852249	1.520550	69.548000
45.883071	1.522362	69.593000
45.913640	1.525365	69.639000
45.945181	1.522861	69.685000
46.196157	1.525627	69.731000
46.226403	1.533395	70.110000
46.257190	1.539336	70.155000
46.287870	1.540584	70.201000
46.318673	1.541749	70.247000
46.350491	1.536324	70.293000
46.453979	1.525991	70.339000
46.484517	1.502218	70.495000
46.514767	1.499069	70.541000
46.545001	1.498417	70.587000
46.575862	1.494092	70.633000
46.606791	1.492376	70.678000
46.637787	1.489569	70.724000
46.667464	1.487076	70.770000
46.697203	1.482453	70.816000
46.800695	1.461406	70.861000
46.831575	1.453713	71.017000
46.863438	1.448520	71.063000
46.894068	1.445846	71.109000
46.925190	1.439541	71.155000
46.954937	1.425280	71.200000
46.984921	1.408441	71.246000
47.015428	1.394036	71.292000
47.045659	1.378157	71.338000
47.076266	1.360279	71.384000
47.324484	1.348057	71.429000
47.355218	1.300058	71.803000
47.386140	1.298510	71.849000
47.417819	1.296070	71.895000
47.521949	1.287523	71.940000
47.552440	1.281888	72.097000
47.582368	1.276843	72.143000
47.612264	1.274494	72.189000
47.642702	1.276279	72.234000
47.673785	1.283849	72.280000
47.704980	1.290512	72.326000
47.734873	1.294825	72.372000
47.765384	1.299926	72.417000
47.795361	1.300808	72.463000
47.825637	1.301887	72.509000
47.930728	1.305616	72.554000
47.961366	1.306231	72.711000
47.991930	1.309945	72.756000
48.022526	1.312883	72.802000
48.052668	1.312934	72.848000
48.082710	1.313518	72.894000
48.113194	1.316930	72.939000
48.143759	1.319929	72.985000
48.255066	1.319078	73.031000
48.285653	1.325574	73.197000
48.315354	1.333663	73.243000
48.346322	1.339656	73.289000
48.377409	1.342085	73.335000
48.408097	1.339383	73.380000
48.438220	1.334979	73.426000
48.468620	1.334526	73.472000
48.498431	1.338819	73.518000
48.529138	1.342936	73.563000
48.559380	1.343657	73.609000
48.664029	1.342331	73.655000
48.694621	1.337816	73.811000
48.725166	1.328129	73.857000
48.754947	1.321194	73.902000
48.785566	1.319990	73.948000
48.816108	1.317011	73.994000
48.847487	1.312273	74.040000
48.878221	1.304735	74.086000
48.988421	1.290017	74.131000
49.018582	1.290904	74.297000
49.049570	1.287290	74.343000
49.080565	1.282140	74.389000
49.110868	1.274494	74.434000
49.140449	1.270185	74.480000
49.170596	1.267523	74.526000
49.201425	1.267695	74.572000
49.232467	1.267287	74.618000
49.262670	1.270527	74.664000
49.294407	1.272014	74.710000
49.397181	1.272453	74.755000
49.427104	1.277170	74.910000
49.457838	1.278068	74.956000
49.488556	1.278068	75.003000
49.519544	1.280497	75.049000
49.550247	1.288364	75.095000
49.580988	1.293883	75.140000
49.610623	1.297487	75.186000
49.862518	1.292210	75.232000
49.893363	1.289548	75.610000
49.924512	1.283778	75.656000
49.955537	1.280562	75.701000
49.985695	1.275406	75.747000
50.015722	1.268961	75.793000
50.118442	1.264011	75.839000
50.149683	1.264827	75.994000
50.180190	1.262665	76.040000
50.211512	1.257640	76.086000
50.242357	1.254677	76.132000
50.272384	1.256193	76.178000
50.302288	1.256647	76.223000
50.332803	1.257948	76.269000
50.363229	1.255120	76.315000
50.467644	1.257691	76.361000
50.498235	1.259837	76.516000
50.528965	1.260418	76.562000
50.558850	1.262746	76.608000
50.589207	1.265810	76.654000
50.620229	1.269676	76.700000
50.650844	1.271742	76.746000
50.682085	1.272413	76.791000
50.712903	1.271017	76.837000
50.743318	1.274434	76.883000
50.992009	1.281449	76.929000
51.022946	1.304135	77.303000
51.053684	1.299897	77.349000
51.084283	1.297215	77.395000
51.187165	1.302819	77.441000
51.217918	1.305390	77.598000
51.248264	1.311840	77.643000
51.279320	1.314834	77.689000
51.310273	1.314057	77.735000
51.341260	1.311830	77.781000
51.371437	1.314611	77.827000
51.401187	1.318674	77.873000
51.431087	1.322257	77.918000
51.462313	1.325251	77.964000
51.493089	1.325760	78.010000
51.598556	1.326164	78.056000
51.629524	1.332337	78.212000
51.659355	1.330952	78.258000
51.689328	1.328583	78.304000
51.719632	1.326053	78.350000
51.750293	1.327791	78.395000
51.780965	1.333845	78.441000
51.812248	1.335478	78.487000
51.921296	1.340678	78.533000
51.951684	1.339273	78.698000
51.983370	1.337877	78.743000
52.014066	1.335447	78.789000
52.044773	1.338119	78.835000
52.074804	1.341762	78.881000
52.105042	1.351257	78.927000
52.135537	1.360219	78.973000
52.165361	1.367970	79.019000
52.196229	1.370969	79.065000
52.316049	1.370068	79.111000
52.346844	1.389970	79.291000
52.378070	1.397580	79.337000
52.409007	1.404949	79.383000
52.439472	1.411289	79.428000
52.469941	1.412886	79.474000
52.500302	1.413149	79.520000
52.529722	1.415115	79.566000
52.560371	1.417464	79.612000
52.665081	1.430799	79.657000
52.696034	1.434378	79.813000
52.726710	1.440400	79.859000
52.756641	1.447183	79.904000
52.786530	1.450671	79.951000
52.816926	1.451351	79.996000
52.847794	1.447233	80.042000
52.878678	1.445144	80.088000
52.910283	1.451665	80.135000
52.940791	1.457353	80.181000
53.049496	1.462269	80.227000
53.080837	1.465908	80.391000
53.111544	1.469068	80.437000
53.142331	1.476916	80.483000
53.172040	1.482867	80.529000
53.202405	1.489101	80.575000
53.232189	1.495153	80.621000
53.263165	1.501531	80.667000
53.294034	1.511020	80.712000
53.540419	1.524270	80.758000
53.571522	1.521877	81.127000
53.601844	1.523467	81.172000
53.632428	1.529640	81.218000
53.662402	1.538424	81.264000
53.692513	1.546096	81.310000
53.796970	1.552535	81.356000
53.827538	1.557361	81.512000
53.858322	1.557553	81.558000
53.888741	1.555343	81.604000
53.918802	1.553600	81.649000
53.948499	1.554610	81.695000
53.979213	1.557674	81.741000
54.010166	1.561273	81.786000
54.120347	1.562978	81.832000
54.151354	1.565714	81.998000
54.181081	1.568662	82.043000
54.211861	1.571125	82.089000
54.242848	1.571493	82.135000
54.273371	1.568979	82.181000
54.303225	1.566657	82.227000
54.333744	1.570115	82.272000
54.363943	1.575809	82.318000
54.394850	1.580473	82.364000
54.425980	1.583535	82.409000
54.671262	1.584530	82.455000
54.702496	1.593530	82.823000
54.732984	1.593378	82.869000
54.762500	1.594796	82.915000
54.865585	1.607703	82.960000
54.895846	1.607581	83.116000
54.927217	1.612467	83.162000
54.958443	1.620244	83.208000
54.988731	1.629713	83.253000
55.019089	1.635589	83.299000
55.048893	1.636482	83.345000
55.079577	1.637425	83.391000
55.109673	1.644289	83.437000
55.140345	1.655641	83.482000
55.249181	1.665187	83.528000
55.280019	1.672526	83.692000
55.310641	1.674844	83.737000
55.342124	1.679925	83.783000
55.372704	1.685483	83.829000
55.402716	1.691999	83.875000
55.432854	1.695231	83.920000
55.462704	1.693784	83.966000
55.493623	1.690655	84.012000
55.598452	1.708553	84.058000
55.629574	1.708249	84.214000
55.660265	1.708661	84.260000
55.689839	1.711762	84.306000
55.720196	1.718399	84.351000
55.750016	1.724372	84.397000
55.780638	1.726559	84.443000
55.811829	1.727139	84.489000
55.842970	1.730814	84.534000
55.873297	1.737158	84.580000
55.982763	1.741164	84.626000
56.014350	1.740942	84.791000
56.044753	1.743139	84.837000
56.075180	1.745609	84.883000
56.105253	1.744748	84.929000
56.135963	1.745439	84.975000
56.166106	1.747161	85.021000
56.196813	1.751028	85.066000
56.227804	1.752978	85.112000
56.332210	1.748210	85.158000
56.362452	1.752182	85.315000
56.392625	1.756137	85.360000
56.422349	1.757972	85.406000
56.453417	1.760004	85.452000
56.484742	1.760905	85.498000
56.515353	1.757881	85.544000
56.545795	1.754783	85.590000
56.576610	1.752131	85.635000
56.607090	1.750775	85.681000
56.716875	1.750765	85.727000
56.747501	1.758154	85.891000
56.776910	1.757544	85.937000
56.807090	1.752928	85.983000
56.837855	1.751199	86.029000
56.868677	1.752938	86.075000
56.899607	1.754753	86.121000
56.930809	1.753649	86.167000
56.961616	1.749445	86.212000
57.206845	1.743320	86.258000
57.237667	1.748567	86.627000
57.266864	1.752735	86.673000
57.297579	1.755845	86.718000
57.328117	1.757272	86.764000
57.358770	1.753058	86.810000
57.462700	1.744183	86.856000
57.493254	1.726116	87.011000
57.523384	1.725255	87.057000
57.553838	1.725113	87.103000
57.584280	1.723939	87.149000
57.615394	1.722441	87.195000
57.645985	1.724069	87.241000
57.676838	1.728056	87.286000
57.787104	1.738746	87.332000
57.817688	1.737158	87.498000
57.849136	1.738213	87.544000
57.879689	1.740892	87.590000
57.910177	1.741925	87.636000
57.939885	1.740703	87.681000
57.969709	1.735743	87.727000
58.000312	1.733284	87.773000
58.031334	1.736625	87.819000
58.061971	1.743139	87.865000
58.092771	1.747137	87.911000
58.339248	1.746965	87.956000
58.369728	1.754813	88.325000
58.399175	1.759359	88.371000
58.429437	1.760321	88.416000
58.533109	1.762463	88.462000
58.564320	1.773163	88.618000
58.595707	1.782054	88.664000
58.626379	1.785668	88.710000
58.656452	1.786853	88.756000
58.686287	1.792704	88.801000
58.716990	1.803171	88.847000
58.747078	1.811735	88.893000
58.778066	1.821859	88.938000
58.808800	1.833105	88.985000
58.916149	1.838956	89.030000
58.947263	1.837141	89.192000
58.977505	1.844217	89.237000
59.007651	1.849786	89.283000
59.037505	1.850190	89.329000
59.068093	1.850467	89.375000
59.098804	1.856166	89.420000
59.130156	1.863483	89.466000
59.160917	1.868500	89.512000
59.264978	1.877828	89.558000
59.294317	1.883728	89.713000
59.325063	1.882032	89.759000
59.355451	1.881759	89.805000
59.386311	1.888043	89.851000
59.417195	1.896245	89.897000
59.447583	1.899763	89.943000
59.478232	1.902897	89.988000
59.507890	1.906122	90.034000
59.538482	1.914188	90.080000
59.650407	1.921365	90.125000
59.680384	1.931313	90.292000
59.710238	1.937031	90.338000
59.740845	1.937546	90.383000
59.771663	1.935326	90.429000
59.801978	1.938895	90.475000
59.833031	1.947737	90.521000
59.863258	1.955005	90.566000
59.894011	1.963287	90.612000
59.996612	1.973646	90.658000
60.027499	1.976028	90.814000
60.057692	1.979576	90.859000
60.088879	1.984729	90.905000
60.120231	1.993083	90.951000
60.150170	2.004374	90.997000
60.180150	2.013953	91.042000
60.209901	2.019833	91.088000
60.240919	2.022004	91.134000
60.270650	2.028217	91.180000
60.382360	2.036337	91.225000
60.412179	2.056189	91.392000
60.443236	2.065546	91.438000
60.473762	2.074818	91.483000
60.505188	2.079630	91.529000
60.535741	2.083090	91.575000
60.568196	2.088669	91.624000
60.598380	2.095917	91.669000
60.628353	2.099828	91.715000
60.873951	2.151454	91.761000
60.904420	2.153223	92.129000
60.934912	2.151907	92.175000
60.965419	2.151403	92.221000
60.996272	2.157053	92.267000
61.115269	2.166397	92.313000
61.145942	2.202604	92.492000
61.177259	2.205487	92.538000
61.207475	2.205255	92.583000
61.238116	2.206877	92.629000
61.268270	2.212749	92.675000
61.298347	2.226584	92.720000
61.328520	2.239461	92.766000
61.359069	2.249870	92.812000
61.463630	2.281384	92.858000
61.494959	2.293497	93.014000
61.524882	2.302011	93.059000
61.554483	2.306766	93.105000
61.584978	2.310466	93.151000
61.615474	2.319824	93.197000
61.646719	2.331988	93.243000
61.677441	2.346301	93.288000
61.708017	2.362957	93.334000
61.738386	2.379401	93.379000
61.989624	2.392998	93.426000
62.020603	2.481286	93.803000
62.052006	2.492406	93.849000
62.082006	2.500066	93.895000
62.187288	2.547181	93.940000
62.217480	2.560789	94.098000
62.247265	2.573706	94.144000
62.277484	2.583988	94.190000
62.308226	2.594698	94.235000
62.339436	2.606349	94.281000
62.370423	2.613930	94.327000
62.400827	2.622981	94.373000
62.431053	2.628693	94.419000
62.460938	2.634766	94.465000
62.490838	2.646439	94.510000
62.595779	2.654911	94.556000
62.626271	2.679218	94.712000
62.656840	2.690815	94.758000
62.687500	2.699747	94.803000
62.717262	2.709736	94.849000
62.747185	2.717442	94.895000
62.778522	2.722485	94.941000
62.809556	2.737743	94.987000
62.920240	2.764711	95.033000
62.950924	2.773498	95.198000
62.981281	2.787151	95.244000
63.011930	2.798427	95.290000
63.042860	2.808718	95.336000
63.073667	2.814361	95.382000
63.103252	2.821775	95.427000
63.133586	2.834345	95.473000
63.164105	2.846216	95.519000
63.194555	2.858859	95.564000
63.225592	2.868338	95.610000
63.329745	2.880532	95.656000
63.359868	2.927225	95.811000
63.389511	2.942780	95.858000
63.420126	2.963886	95.903000
63.450191	2.987452	95.949000
63.481459	3.008203	95.995000
63.512535	3.029290	96.041000
63.543172	3.044918	96.086000
63.653019	3.110388	96.132000
63.683952	3.133144	96.299000
63.715197	3.154336	96.344000
63.746081	3.173849	96.390000
63.775747	3.193080	96.436000
63.805489	3.208847	96.482000
63.836043	3.221152	96.527000
63.866669	3.234775	96.573000
63.897268	3.243981	96.618000
63.928528	3.256563	96.664000
63.958302	3.262677	96.710000
64.061560	3.272217	96.756000
64.091617	3.330336	96.912000
64.122075	3.348319	96.958000
64.152889	3.364039	97.003000
64.183865	3.379284	97.049000
64.214622	3.384885	97.095000
64.245267	3.391239	97.141000
64.275744	3.405991	97.187000
64.527239	3.525957	97.232000
64.558518	3.537862	97.611000
64.589943	3.556414	97.656000
64.620362	3.579266	97.703000
64.650389	3.602414	97.748000
64.680854	3.621260	97.794000
64.784389	3.641636	97.840000
64.815560	3.696067	97.995000
64.846432	3.709670	98.041000
64.877066	3.721480	98.087000
64.907224	3.728000	98.132000
64.937489	3.738136	98.178000
64.966287	3.752218	98.224000
64.996951	3.767092	98.269000
65.027777	3.788896	98.315000
65.132657	3.866830	98.361000
65.162683	3.887460	98.517000
65.193363	3.907734	98.563000
65.223483	3.925631	98.609000
65.253878	3.943146	98.655000
65.284689	3.957833	98.701000
65.315761	3.969953	98.746000
65.347309	3.991272	98.794000
65.378404	4.011599	98.840000
65.409246	4.029136	98.885000
65.657421	4.048008	98.931000
65.688470	4.152406	99.304000
65.719358	4.169400	99.350000
65.749515	4.190382	99.396000
65.852973	4.298192	99.442000
65.883883	4.331577	99.599000
65.914110	4.359689	99.644000
65.945182	4.380837	99.690000
65.976215	4.408713	99.736000
66.007057	4.440117	99.782000
66.036646	4.465110	99.828000
66.066680	4.476664	99.873000
66.097414	4.483872	99.919000
66.127695	4.495289	99.965000
66.159028	4.508103	100.011000
66.262762	4.521838	100.057000
66.293880	4.613982	100.213000
66.324030	4.648702	100.259000
66.354134	4.678160	100.304000
66.384637	4.708601	100.351000
66.415532	4.741075	100.396000
66.446566	4.774298	100.442000
66.477515	4.805413	100.488000
66.586451	4.910916	100.534000
66.617223	4.955777	100.699000
66.648510	4.997615	100.744000
66.678914	5.036251	100.790000
66.709010	5.073343	100.836000
66.738591	5.107730	100.882000
66.769179	5.141639	100.927000
66.800013	5.170125	100.973000
66.831315	5.205797	101.019000
66.861864	5.248426	101.065000
66.892721	5.295672	101.111000
66.995203	5.345614	101.157000
67.025146	5.450865	101.312000
67.055687	5.479715	101.358000
67.086659	5.514386	101.404000
67.118038	5.554136	101.450000
67.148611	5.596044	101.496000
67.179176	5.641522	101.541000
67.209356	5.681248	101.587000
67.319891	5.827150	101.633000
67.350978	5.867631	101.799000
67.380797	5.909762	101.844000
67.411370	5.954161	101.890000
67.441366	6.002890	101.936000
67.471923	6.053949	101.982000
67.502741	6.104938	102.028000
67.533468	6.155198	102.073000
67.563687	6.207549	102.119000
67.594136	6.258002	102.165000
67.623963	6.309363	102.210000
67.727252	6.367060	102.256000
67.758332	6.549389	102.412000
67.789304	6.589980	102.458000
67.819830	6.624708	102.504000
67.850379	6.656591	102.549000
67.880499	6.691191	102.595000
67.910464	6.743522	102.641000
67.940837	6.803125	102.686000
68.194483	7.282374	102.732000
68.225417	7.357262	103.111000
68.255359	7.431851	103.157000
68.285770	7.493941	103.202000
68.315920	7.535535	103.249000
68.346208	7.565899	103.294000
68.451717	7.604329	103.340000
68.482805	7.797877	103.497000
68.513093	7.866008	103.542000
68.543589	7.934296	103.588000
68.573754	8.005584	103.634000
68.603919	8.078068	103.680000
68.634453	8.154067	103.726000
68.665579	8.230660	103.772000
68.696558	8.309576	103.818000
68.800516	8.481472	103.863000
68.830535	8.472276	104.020000
68.860754	8.460132	104.066000
68.891380	8.460814	104.111000
68.922237	8.505285	104.157000
68.953124	8.575005	104.203000
68.984250	8.655509	104.249000
69.014569	8.734752	104.295000
69.044750	8.798058	104.341000
69.074331	8.846830	104.386000
69.323290	8.895693	104.432000
69.353386	9.384016	104.805000
69.383997	9.454057	104.850000
69.414754	9.526355	104.896000
69.519464	9.794256	104.942000
69.550290	9.870893	105.099000
69.581055	9.940231	105.145000
69.611497	10.015081	105.191000
69.641915	10.078358	105.236000
69.671927	10.139222	105.282000
69.701893	10.210085	105.328000
69.732818	10.290827	105.374000
69.763637	10.384865	105.419000
69.794332	10.479539	105.465000
69.825028	10.558711	105.511000
69.928731	10.637636	105.557000
69.959465	10.956538	105.713000
69.989477	11.056141	105.759000
70.020310	11.148698	105.805000
70.051551	11.250182	105.851000
70.082285	11.361199	105.897000
70.112335	11.464765	105.943000
70.142377	11.543185	105.988000
70.252704	11.822560	106.034000
70.283138	11.902766	106.199000
70.313165	12.003249	106.245000
70.343569	12.114279	106.290000
70.374110	12.204884	106.336000
70.405006	12.255501	106.382000
70.435901	12.304580	106.428000
70.467088	12.339384	106.474000
70.497238	12.360834	106.519000
70.527818	12.389190	106.565000
70.558083	12.429717	106.611000
70.661887	12.475808	106.657000
70.692136	12.721576	106.813000
70.722970	12.808781	106.859000
70.753773	12.918649	106.904000
70.784269	13.041528	106.950000
70.814488	13.163310	106.996000
70.844123	13.277211	107.041000
70.874449	13.398782	107.088000
70.985929	13.867347	107.133000
71.015756	13.988407	107.299000
71.046697	14.088718	107.345000
71.076432	14.128934	107.391000
71.107112	14.143168	107.437000
71.137946	14.173233	107.482000
71.169317	14.209149	107.528000
71.199168	14.256121	107.574000
71.229494	14.320900	107.620000
71.259782	14.415537	107.666000
71.290954	14.531546	107.712000
71.395257	14.636341	107.757000
71.426367	14.953296	107.913000
71.456940	15.067847	107.959000
71.486990	15.182324	108.005000
71.517363	15.299867	108.051000
71.547320	15.431585	108.097000
71.578269	15.566991	108.143000
71.608458	15.721936	108.189000
71.860921	16.903024	108.234000
71.889995	17.050314	108.611000
71.920590	17.212225	108.657000
71.951493	17.354656	108.703000
71.982511	17.454023	108.749000
72.012654	17.536324	108.794000
72.116857	17.622072	108.840000
72.146830	18.190960	108.996000
72.176834	18.337341	109.042000
72.207890	18.457518	109.087000
72.238524	18.546382	109.133000
72.269611	18.663362	109.179000
72.300691	18.772616	109.225000
72.331801	18.860431	109.271000
72.361068	18.959561	109.316000
72.464633	19.100100	109.362000
72.495128	19.203745	109.518000
72.525908	19.365039	109.564000
72.557311	19.560361	109.609000
72.587484	19.732841	109.655000
72.617726	19.845301	109.701000
72.647384	19.946531	109.747000
72.677611	20.068567	109.792000
72.708206	20.207332	109.838000
72.739163	20.316309	109.884000
72.988806	20.434074	109.929000
73.019432	21.965071	110.305000
