Sample	2mm tape 
date	08/01/2026
	
Temperature (K)	77.00
Angle (deg.)	90.000000
field / T	0.000000
	
		
Approx. trace time (s)	90.0	
		
Current / A	V1  -sample/ uV	time/s
-0.017910	-0.015157	0.000000
-0.017719	-0.016966	0.046000
-0.018323	-0.022586	0.092000
-0.018508	-0.027949	0.137000
-0.018137	-0.032777	0.183000
-0.017857	-0.033769	0.228000
-0.018472	-0.027615	0.274000
-0.018023	-0.022807	0.320000
-0.018131	-0.024173	0.366000
-0.018692	-0.035936	0.412000
-0.018047	-0.061872	0.568000
-0.017762	-0.074381	0.614000
-0.018227	-0.087415	0.660000
-0.018323	-0.090464	0.706000
-0.007781	-0.090868	0.751000
0.031927	-0.092327	0.797000
0.060761	-0.098483	0.842000
0.186280	-0.116174	0.888000
0.220074	-0.121069	1.054000
0.254452	-0.130119	1.100000
0.288808	-0.134157	1.146000
0.325000	-0.130770	1.192000
0.359665	-0.130069	1.238000
0.394009	-0.136690	1.283000
0.428566	-0.140117	1.329000
0.462050	-0.141545	1.375000
0.496504	-0.147102	1.420000
0.531024	-0.155890	1.466000
0.650578	-0.166049	1.512000
0.684262	-0.173378	1.668000
0.718606	-0.170415	1.714000
0.752031	-0.169229	1.760000
0.787283	-0.174064	1.805000
0.821558	-0.181619	1.851000
0.856730	-0.188736	1.897000
0.892068	-0.194289	1.943000
1.015553	-0.186333	1.988000
1.050758	-0.189362	2.154000
1.085768	-0.191462	2.200000
1.121027	-0.190680	2.246000
1.155826	-0.190559	2.292000
1.189606	-0.196479	2.338000
1.223489	-0.204913	2.384000
1.258108	-0.206457	2.429000
1.292987	-0.201497	2.475000
1.327815	-0.195344	2.521000
1.463472	-0.192366	2.567000
1.498524	-0.181352	2.747000
1.533648	-0.179682	2.793000
1.568739	-0.179348	2.839000
1.603928	-0.177723	2.885000
1.637676	-0.174256	2.930000
1.672045	-0.173246	2.976000
1.705578	-0.174473	3.022000
1.740605	-0.172424	3.067000
2.019120	-0.155737	3.114000
2.054064	-0.159518	3.482000
2.088732	-0.161446	3.528000
2.124363	-0.157696	3.574000
2.158475	-0.151023	3.620000
2.193116	-0.144028	3.665000
2.309817	-0.139274	3.711000
2.344437	-0.116446	3.867000
2.379411	-0.106877	3.913000
2.415540	-0.098116	3.959000
2.449750	-0.092927	4.004000
2.484119	-0.087526	4.050000
2.517666	-0.086805	4.096000
2.552706	-0.086119	4.142000
2.679610	-0.065939	4.188000
2.714077	-0.065707	4.354000
2.747447	-0.069654	4.401000
2.782140	-0.072250	4.446000
2.816994	-0.073126	4.491000
2.851746	-0.069321	4.537000
2.886945	-0.066040	4.583000
2.921608	-0.057831	4.629000
2.955944	-0.046275	4.675000
2.991060	-0.036466	4.721000
3.286580	-0.035322	4.767000
3.322175	-0.027163	5.160000
3.357887	-0.022858	5.205000
3.391685	-0.022496	5.251000
3.509485	-0.040855	5.297000
3.543396	-0.046435	5.454000
3.579171	-0.052185	5.500000
3.612882	-0.059504	5.546000
3.648447	-0.067265	5.592000
3.683377	-0.068025	5.637000
3.718083	-0.064674	5.684000
3.752045	-0.063197	5.729000
3.786321	-0.063176	5.775000
3.820900	-0.068480	5.821000
3.855305	-0.072562	5.867000
3.973635	-0.070858	5.912000
4.008500	-0.074522	6.068000
4.042952	-0.082279	6.114000
4.077180	-0.085822	6.160000
4.111064	-0.084809	6.206000
4.146683	-0.081715	6.252000
4.181221	-0.079114	6.298000
4.216935	-0.087587	6.344000
4.341223	-0.088445	6.390000
4.376063	-0.093472	6.555000
4.411305	-0.098766	6.600000
4.446313	-0.100195	6.646000
4.480726	-0.099625	6.692000
4.514598	-0.098918	6.738000
4.548994	-0.096313	6.784000
4.582863	-0.092145	6.830000
4.617787	-0.085097	6.875000
4.653274	-0.079145	6.921000
4.789290	-0.080410	6.967000
4.824246	-0.075812	7.147000
4.859064	-0.073055	7.193000
4.894497	-0.073464	7.239000
4.929471	-0.076659	7.285000
4.963493	-0.078746	7.331000
4.997740	-0.080480	7.377000
5.031569	-0.075666	7.422000
5.066370	-0.068837	7.468000
5.184719	-0.074078	7.514000
5.219727	-0.078757	7.670000
5.254278	-0.076669	7.716000
5.288115	-0.073463	7.761000
5.322048	-0.072441	7.807000
5.356698	-0.073116	7.852000
5.391073	-0.076194	7.898000
5.426256	-0.078221	7.944000
5.461457	-0.076679	7.989000
5.495559	-0.072843	8.035000
5.620620	-0.068106	8.081000
5.656149	-0.069644	8.247000
5.690978	-0.066000	8.293000
5.725497	-0.057186	8.339000
5.759556	-0.049479	8.385000
5.793948	-0.038084	8.431000
5.828525	-0.028125	8.476000
5.863074	-0.022526	8.522000
5.898447	-0.026160	8.568000
6.176894	0.037096	8.614000
6.211872	0.045634	8.982000
6.246110	0.050472	9.028000
6.280672	0.049510	9.074000
6.314215	0.050513	9.120000
6.348648	0.060392	9.165000
6.467341	0.075517	9.211000
6.502044	0.100932	9.367000
6.537079	0.109500	9.413000
6.571483	0.116319	9.459000
6.606043	0.121668	9.505000
6.640890	0.126807	9.551000
6.674579	0.132910	9.596000
6.709900	0.140991	9.642000
6.836032	0.171861	9.687000
6.870325	0.173717	9.855000
6.904328	0.174883	9.900000
6.939100	0.176210	9.946000
6.974719	0.177059	9.992000
7.009619	0.183641	10.038000
7.043589	0.190919	10.084000
7.078174	0.195512	10.130000
7.112044	0.195744	10.176000
7.145749	0.195845	10.221000
7.181212	0.197530	10.267000
7.459744	0.198777	10.312000
7.494274	0.221828	10.681000
7.529546	0.232281	10.727000
7.564323	0.246819	10.772000
7.680643	0.282880	10.818000
7.715246	0.287045	10.975000
7.749927	0.296564	11.020000
7.784669	0.308829	11.066000
7.820390	0.323905	11.112000
7.854232	0.343988	11.157000
7.889360	0.365521	11.203000
7.922762	0.383366	11.249000
7.956816	0.393593	11.295000
7.991560	0.402579	11.340000
8.113657	0.416771	11.386000
8.147921	0.470502	11.547000
8.183184	0.479836	11.593000
8.218009	0.490556	11.639000
8.252837	0.500193	11.685000
8.287432	0.507425	11.731000
8.320548	0.510168	11.777000
8.355840	0.512274	11.822000
8.390212	0.519805	11.868000
8.510039	0.539909	11.914000
8.544402	0.540649	12.070000
8.579037	0.544718	12.116000
8.613207	0.551289	12.162000
8.646777	0.555578	12.207000
8.681086	0.559640	12.253000
8.715708	0.557696	12.299000
8.750902	0.554666	12.344000
8.785587	0.559519	12.390000
8.819844	0.565977	12.436000
8.945092	0.570227	12.482000
8.980048	0.567628	12.647000
9.014552	0.570964	12.693000
9.049243	0.572493	12.739000
9.082998	0.572281	12.785000
9.117276	0.571372	12.831000
9.151021	0.570681	12.876000
9.186141	0.574028	12.922000
9.221379	0.582128	12.968000
9.339255	0.604448	13.014000
9.373006	0.606537	13.169000
9.407282	0.609151	13.215000
9.442337	0.615032	13.261000
9.477246	0.623546	13.307000
9.511983	0.628517	13.353000
9.546787	0.633797	13.398000
9.581416	0.635347	13.444000
9.615150	0.635094	13.490000
9.649160	0.631173	13.535000
9.775566	0.627064	13.581000
9.810665	0.623783	13.747000
9.844241	0.628291	13.793000
9.878382	0.631536	13.839000
9.913568	0.633353	13.885000
9.948127	0.632823	13.931000
9.983119	0.628982	13.977000
10.017823	0.624702	14.023000
10.052580	0.622799	14.068000
10.331120	0.610378	14.114000
10.365119	0.606991	14.483000
10.399649	0.600505	14.528000
10.433722	0.591209	14.574000
10.468717	0.585899	14.620000
10.503339	0.585889	14.666000
10.621580	0.585430	14.712000
10.656078	0.557604	14.867000
10.690104	0.553587	14.913000
10.724574	0.555236	14.959000
10.759571	0.557211	15.005000
10.793827	0.555638	15.051000
10.829124	0.548018	15.097000
10.864536	0.543230	15.142000
10.989155	0.544172	15.188000
11.023334	0.542127	15.355000
11.058328	0.539526	15.401000
11.093811	0.541104	15.447000
11.127989	0.540130	15.493000
11.162604	0.540443	15.539000
11.196425	0.537460	15.585000
11.231051	0.530655	15.630000
11.266227	0.524452	15.676000
11.300949	0.522394	15.722000
11.596604	0.523710	15.768000
11.630813	0.551854	16.160000
11.665341	0.548512	16.205000
11.700256	0.547307	16.251000
11.819760	0.554756	16.297000
11.855454	0.550008	16.455000
11.889936	0.547397	16.501000
11.924303	0.550809	16.547000
11.957521	0.556510	16.592000
11.992552	0.563423	16.638000
12.027294	0.567586	16.684000
12.061950	0.569767	16.730000
12.096928	0.570276	16.776000
12.131701	0.576934	16.821000
12.165812	0.585938	16.867000
12.283446	0.592954	16.912000
12.317532	0.603130	17.068000
12.352889	0.609610	17.114000
12.388027	0.622359	17.160000
12.422263	0.635175	17.206000
12.457083	0.642800	17.252000
12.491381	0.649609	17.298000
12.525081	0.652431	17.344000
12.651880	0.663814	17.389000
12.686252	0.663046	17.555000
12.719996	0.662152	17.601000
12.754718	0.663389	17.647000
12.789525	0.667800	17.693000
12.823856	0.676962	17.738000
12.859322	0.686270	17.784000
12.893370	0.695021	17.830000
12.928168	0.700881	17.876000
12.962288	0.706535	17.922000
13.099219	0.708179	17.967000
13.133764	0.705777	18.148000
13.167935	0.697565	18.193000
13.203026	0.691594	18.239000
13.236889	0.685643	18.285000
13.271670	0.678608	18.331000
13.307146	0.672055	18.377000
13.341829	0.666044	18.423000
13.376388	0.657327	18.469000
13.493218	0.652825	18.515000
13.527860	0.650130	18.670000
13.562361	0.644947	18.716000
13.597457	0.638117	18.762000
13.632569	0.630541	18.808000
13.667406	0.626064	18.854000
13.701568	0.627523	18.899000
13.735555	0.627988	18.945000
13.770049	0.627644	18.991000
13.805178	0.622370	19.037000
13.929670	0.613592	19.083000
13.963294	0.605260	19.248000
13.998172	0.601509	19.294000
14.032881	0.595215	19.339000
14.068014	0.585055	19.385000
14.103860	0.578458	19.431000
14.138229	0.579165	19.477000
14.172494	0.582411	19.523000
14.206360	0.583869	19.569000
14.484630	0.578282	19.614000
14.519124	0.574623	19.983000
14.553657	0.566850	20.029000
14.588487	0.564326	20.074000
14.624117	0.564912	20.120000
14.658918	0.569222	20.166000
14.774607	0.571136	20.212000
14.809288	0.548890	20.367000
14.844133	0.547469	20.413000
14.878567	0.548119	20.459000
14.914033	0.547826	20.505000
14.948880	0.543392	20.551000
14.983212	0.537712	20.597000
15.016520	0.530585	20.642000
15.143270	0.536083	20.688000
15.178317	0.537177	20.855000
15.213217	0.535594	20.901000
15.247016	0.529371	20.947000
15.281117	0.525484	20.993000
15.316316	0.521992	21.039000
15.351150	0.517606	21.084000
15.386310	0.514024	21.130000
15.420834	0.513091	21.176000
15.455875	0.516991	21.222000
15.750255	0.522295	21.268000
15.785385	0.513272	21.660000
15.819831	0.509305	21.706000
15.855218	0.510037	21.752000
15.975698	0.502789	21.798000
16.009605	0.498172	21.955000
16.043765	0.501236	22.001000
16.077889	0.507390	22.047000
16.112330	0.510067	22.093000
16.147424	0.509557	22.138000
16.181910	0.503615	22.184000
16.216787	0.495102	22.230000
16.251124	0.490894	22.276000
16.285185	0.491197	22.321000
16.423113	0.490576	22.367000
16.457369	0.470199	22.548000
16.491338	0.470300	22.594000
16.525410	0.469535	22.640000
16.560193	0.469378	22.685000
16.595341	0.470100	22.731000
16.630149	0.468926	22.777000
16.665116	0.467469	22.823000
16.699817	0.460896	22.868000
16.815824	0.458517	22.914000
16.850464	0.457062	23.069000
16.885311	0.451269	23.116000
16.920997	0.446333	23.161000
16.955793	0.445868	23.207000
16.990006	0.446130	23.253000
17.023988	0.444886	23.299000
17.058219	0.438681	23.344000
17.092995	0.432759	23.390000
17.127155	0.431126	23.436000
17.252880	0.429931	23.482000
17.287313	0.437209	23.648000
17.322163	0.438893	23.694000
17.356499	0.441735	23.739000
17.391681	0.444144	23.785000
17.427035	0.447857	23.831000
17.461303	0.451663	23.877000
17.495540	0.455034	23.923000
17.529592	0.458689	23.969000
17.647458	0.478290	24.014000
17.682227	0.481854	24.171000
17.717168	0.491005	24.216000
17.751978	0.498726	24.262000
17.786605	0.494080	24.308000
17.820111	0.487624	24.353000
17.855088	0.483723	24.399000
17.889590	0.479252	24.445000
17.924350	0.475679	24.491000
17.959529	0.470382	24.536000
18.083995	0.468431	24.582000
18.118473	0.473068	24.748000
18.154220	0.482846	24.794000
18.188767	0.491187	24.839000
18.223425	0.498324	24.885000
18.257711	0.500622	24.931000
18.291326	0.503717	24.977000
18.325763	0.504397	25.023000
18.360484	0.499549	25.068000
18.638497	0.488329	25.114000
18.673409	0.485134	25.482000
18.708710	0.485850	25.528000
18.743165	0.485920	25.574000
18.777677	0.485467	25.620000
18.812012	0.476631	25.666000
18.929852	0.467095	25.711000
18.965042	0.469636	25.868000
18.999808	0.470871	25.913000
19.035299	0.467993	25.960000
19.069552	0.462192	26.006000
19.103544	0.459057	26.051000
19.137238	0.455554	26.097000
19.172251	0.451330	26.143000
19.299022	0.435107	26.189000
19.332906	0.441433	26.356000
19.367311	0.449814	26.401000
19.401646	0.455085	26.447000
19.436600	0.454198	26.493000
19.471491	0.450347	26.539000
19.506520	0.447486	26.584000
19.541249	0.445631	26.630000
19.574918	0.442709	26.676000
19.609484	0.438565	26.722000
19.906619	0.438943	26.767000
19.941634	0.455847	27.160000
19.976331	0.455443	27.206000
20.010637	0.451748	27.252000
20.129293	0.451920	27.298000
20.163586	0.446523	27.456000
20.198671	0.440249	27.501000
20.233696	0.434438	27.547000
20.268822	0.430764	27.593000
20.303544	0.432249	27.639000
20.338214	0.436504	27.685000
20.372591	0.438681	27.731000
20.406162	0.438681	27.776000
20.440913	0.438610	27.822000
20.577165	0.439895	27.868000
20.611470	0.424090	28.048000
20.646512	0.420915	28.094000
20.681343	0.421197	28.140000
20.716998	0.426418	28.185000
20.751038	0.429830	28.231000
20.785735	0.430984	28.277000
20.820458	0.429175	28.323000
20.853916	0.426257	28.369000
20.971534	0.432563	28.415000
21.007201	0.429050	28.571000
21.042099	0.423536	28.617000
21.077072	0.423223	28.662000
21.111073	0.428747	28.709000
21.144819	0.433444	28.755000
21.179193	0.434175	28.800000
21.213765	0.430551	28.846000
21.248980	0.427039	28.892000
21.284099	0.429962	28.938000
21.407490	0.435259	28.983000
21.442513	0.437088	29.148000
21.477278	0.440390	29.194000
21.511923	0.441191	29.240000
21.546887	0.437270	29.286000
21.581239	0.432668	29.332000
21.615490	0.431514	29.378000
21.650223	0.436292	29.423000
21.685077	0.443242	29.469000
21.803228	0.452564	29.515000
21.838241	0.451259	29.671000
21.873251	0.449430	29.717000
21.907183	0.450877	29.763000
21.941369	0.458678	29.809000
21.975954	0.469949	29.855000
22.010760	0.479785	29.900000
22.045766	0.489922	29.946000
22.081396	0.496968	29.992000
22.115977	0.505622	30.038000
22.239917	0.515479	30.083000
22.274291	0.560835	30.248000
22.309464	0.572221	30.294000
22.343517	0.580412	30.340000
22.377257	0.592232	30.386000
22.412084	0.605553	30.431000
22.446663	0.616666	30.477000
22.482015	0.628119	30.523000
22.516266	0.635654	30.569000
22.794689	0.674793	30.615000
22.829789	0.676952	30.983000
22.863656	0.683352	31.029000
22.898086	0.689535	31.075000
22.932141	0.696581	31.121000
22.967008	0.702683	31.167000
23.085670	0.703485	31.213000
23.120743	0.714746	31.369000
23.155412	0.719278	31.415000
23.189755	0.721914	31.460000
23.223255	0.724785	31.506000
23.257648	0.727582	31.552000
23.292184	0.734466	31.597000
23.326980	0.743212	31.643000
23.452987	0.762150	31.689000
23.487174	0.767066	31.856000
23.521919	0.767939	31.902000
23.557123	0.767106	31.948000
23.592249	0.761322	31.993000
23.627269	0.758582	32.039000
23.662134	0.758117	32.085000
23.695600	0.762417	32.131000
23.729382	0.770362	32.177000
23.764372	0.777717	32.222000
24.061632	0.779375	32.268000
24.095950	0.777158	32.660000
24.130065	0.782413	32.706000
24.164072	0.787682	32.752000
24.283438	0.794879	32.798000
24.318780	0.799980	32.956000
24.354254	0.805262	33.002000
24.389106	0.808281	33.047000
24.423530	0.807630	33.093000
24.456953	0.809223	33.139000
24.491208	0.813920	33.185000
24.526285	0.821501	33.231000
24.560678	0.826631	33.277000
24.595941	0.830795	33.322000
24.730617	0.831037	33.368000
24.766141	0.844620	33.548000
24.801917	0.842160	33.594000
24.836743	0.842332	33.640000
24.876706	0.846877	33.694000
24.911581	0.851983	33.740000
24.946822	0.860027	33.786000
24.981269	0.865425	33.832000
25.115625	0.863237	33.877000
25.150670	0.862012	34.056000
25.184379	0.862784	34.102000
25.218180	0.861448	34.147000
25.252800	0.859079	34.193000
25.287496	0.854553	34.239000
25.322648	0.854044	34.285000
25.357835	0.853016	34.331000
25.393325	0.854432	34.376000
25.427867	0.857003	34.422000
25.562971	0.858489	34.468000
25.598550	0.860888	34.648000
25.632649	0.860486	34.694000
25.666203	0.854553	34.740000
25.700394	0.849206	34.785000
25.734701	0.846524	34.831000
25.769835	0.847840	34.877000
25.804437	0.854095	34.922000
25.839343	0.862895	34.968000
25.957394	0.873827	35.014000
25.991674	0.872057	35.170000
26.025790	0.874159	35.216000
26.060569	0.873977	35.262000
26.095341	0.877550	35.308000
26.130959	0.881507	35.353000
26.164890	0.885236	35.399000
26.199377	0.889872	35.445000
26.233121	0.897906	35.491000
26.267187	0.908758	35.536000
26.394784	0.918183	35.582000
26.429006	0.920562	35.748000
26.463300	0.920119	35.794000
26.497249	0.916576	35.840000
26.532174	0.915017	35.886000
26.566957	0.917029	35.932000
26.602422	0.922508	35.978000
26.638941	0.933348	36.027000
26.674189	0.942360	36.072000
26.952692	0.965367	36.119000
26.986939	0.967020	36.487000
27.021266	0.967796	36.533000
27.055635	0.967927	36.579000
27.089880	0.972615	36.625000
27.224536	0.980946	36.671000
27.258683	0.996374	36.848000
27.293472	0.998993	36.894000
27.328366	0.999943	36.940000
27.363253	0.998706	36.986000
27.397975	0.995970	37.031000
27.431863	0.996253	37.077000
27.466187	1.001507	37.123000
27.500578	1.008276	37.168000
27.618859	1.009179	37.214000
27.653916	1.011949	37.370000
27.689216	1.014614	37.416000
27.723360	1.016866	37.462000
27.757547	1.018597	37.508000
27.791128	1.017179	37.554000
27.826325	1.012555	37.599000
27.860511	1.012889	37.645000
27.895803	1.015831	37.691000
27.930436	1.017765	37.736000
28.216716	1.016674	37.782000
28.250710	1.014065	38.161000
28.285817	1.019601	38.207000
28.320449	1.030690	38.252000
28.440205	1.055093	38.298000
28.474327	1.059278	38.456000
28.508720	1.064946	38.502000
28.542702	1.069801	38.548000
28.577032	1.070644	38.593000
28.611550	1.066384	38.639000
28.646638	1.060373	38.685000
28.681888	1.060141	38.731000
28.716911	1.063992	38.776000
28.751210	1.069296	38.822000
28.887787	1.070351	38.868000
28.922586	1.074041	39.048000
28.956500	1.074718	39.094000
28.991137	1.076352	39.140000
29.025484	1.079719	39.186000
29.059883	1.083974	39.232000
29.094582	1.083317	39.278000
29.130066	1.077316	39.324000
29.165421	1.070805	39.370000
29.282844	1.086956	39.416000
29.316132	1.085790	39.571000
29.351136	1.088718	39.617000
29.385733	1.089642	39.663000
29.420464	1.085902	39.709000
29.455645	1.079749	39.755000
29.490664	1.076055	39.801000
29.525526	1.075540	39.847000
29.559500	1.069256	39.892000
29.593954	1.066681	39.938000
29.718868	1.074647	39.984000
29.753204	1.071951	40.148000
29.786550	1.065758	40.194000
29.821525	1.067701	40.240000
29.856725	1.071466	40.286000
29.891460	1.072183	40.332000
29.926208	1.064835	40.378000
29.961569	1.055770	40.424000
29.995421	1.054553	40.470000
30.112736	1.053857	40.515000
30.146743	1.044276	40.672000
30.181724	1.036065	40.717000
30.217354	1.032769	40.763000
30.252269	1.033955	40.809000
30.286779	1.033359	40.855000
30.320794	1.029514	40.901000
30.354836	1.021141	40.947000
30.389140	1.018062	40.992000
30.423758	1.015453	41.038000
30.547971	1.011096	41.084000
30.582698	0.993882	41.249000
30.617556	0.984569	41.294000
30.652800	0.975174	41.340000
30.688313	0.969409	41.386000
30.721911	0.968346	41.432000
30.756158	0.971129	41.477000
30.790795	0.971359	41.523000
30.824838	0.969409	41.569000
31.103127	0.955640	41.615000
31.137643	0.958300	41.983000
31.172526	0.960054	42.029000
31.206881	0.961762	42.074000
31.241877	0.961471	42.120000
31.276005	0.959666	42.166000
31.393234	0.957827	42.211000
31.427531	0.952776	42.367000
31.462625	0.951642	42.413000
31.497538	0.952287	42.459000
31.532500	0.949556	42.505000
31.567296	0.948281	42.551000
31.601361	0.948926	42.596000
31.635253	0.948875	42.642000
31.763313	0.935030	42.688000
31.797839	0.939602	42.856000
31.832948	0.943715	42.902000
31.866849	0.948018	42.948000
31.900807	0.948220	42.994000
31.935757	0.948703	43.039000
31.970499	0.950619	43.085000
32.005551	0.952826	43.131000
32.040645	0.953562	43.177000
32.074862	0.955438	43.222000
32.108554	0.959913	43.268000
32.386685	0.962876	43.314000
32.421230	0.982820	43.682000
32.456040	0.985909	43.728000
32.490546	0.984306	43.773000
32.608307	0.981494	43.819000
32.643217	0.985561	43.975000
32.677669	0.988257	44.021000
32.711142	0.990697	44.067000
32.746248	0.990889	44.112000
32.780528	0.985990	44.158000
32.815779	0.983388	44.204000
32.851135	0.978752	44.249000
32.885299	0.974690	44.295000
32.919840	0.969942	44.341000
33.043079	0.967795	44.387000
33.076452	0.962805	44.549000
33.110478	0.963557	44.595000
33.144723	0.965295	44.640000
33.179230	0.967383	44.686000
33.214332	0.965723	44.732000
33.249434	0.961390	44.777000
33.284190	0.959302	44.823000
33.318516	0.958431	44.869000
33.435515	0.958951	44.915000
33.470383	0.957696	45.070000
33.506053	0.957227	45.116000
33.540521	0.955115	45.162000
33.575354	0.955580	45.208000
33.609204	0.956360	45.254000
33.643099	0.957474	45.299000
33.677644	0.958249	45.345000
33.711474	0.958699	45.391000
33.747287	0.957726	45.436000
33.872620	0.958603	45.483000
33.907099	0.971187	45.649000
33.941920	0.973849	45.694000
33.977503	0.976545	45.740000
34.012151	0.977503	45.786000
34.050038	0.974601	45.837000
34.085209	0.965156	45.883000
34.119631	0.956885	45.929000
34.154141	0.953090	45.974000
34.270761	0.962066	46.020000
34.305663	0.962937	46.176000
34.340254	0.960791	46.222000
34.375310	0.958769	46.268000
34.410665	0.957359	46.314000
34.445456	0.953714	46.360000
34.480738	0.955509	46.408000
34.514799	0.958088	46.453000
34.548725	0.960035	46.499000
34.582928	0.961027	46.544000
34.703493	0.961542	46.590000
34.739121	0.962866	46.749000
34.773866	0.960740	46.794000
34.808818	0.960287	46.840000
34.843021	0.964112	46.886000
34.877070	0.972192	46.932000
34.911726	0.981968	46.978000
34.945391	0.990879	47.024000
34.980704	0.996792	47.069000
35.258680	1.020066	47.115000
35.293160	1.027318	47.483000
35.328170	1.035833	47.529000
35.362484	1.041476	47.574000
35.396814	1.042622	47.620000
35.430709	1.038255	47.666000
35.549031	1.035091	47.712000
35.584079	1.053715	47.868000
35.619699	1.052307	47.914000
35.654544	1.042838	47.960000
35.688700	1.034626	48.006000
35.722999	1.029363	48.052000
35.757590	1.030215	48.098000
35.792216	1.037221	48.144000
35.919146	1.059958	48.190000
35.952950	1.055730	48.356000
35.986842	1.054952	48.402000
36.021867	1.057092	48.448000
36.056911	1.060221	48.494000
36.092024	1.066702	48.540000
36.126569	1.075055	48.585000
36.161275	1.082374	48.631000
36.195324	1.082909	48.677000
36.229093	1.079361	48.723000
36.526739	1.079351	48.769000
36.561737	1.099080	49.161000
36.596063	1.098348	49.207000
36.630235	1.101573	49.253000
36.749098	1.114814	49.298000
36.783889	1.113749	49.456000
36.818341	1.119255	49.502000
36.853501	1.125176	49.548000
36.888691	1.127669	49.594000
36.922829	1.123727	49.640000
36.956874	1.122854	49.685000
36.991619	1.130803	49.731000
37.026286	1.138233	49.777000
37.063517	1.141323	49.827000
37.196233	1.138203	49.873000
37.230747	1.149615	50.049000
37.265837	1.145410	50.094000
37.300236	1.141191	50.141000
37.335584	1.141262	50.186000
37.370267	1.147142	50.232000
37.403936	1.153032	50.278000
37.437904	1.159987	50.323000
37.472541	1.160607	50.369000
37.590867	1.150528	50.415000
37.626184	1.142816	50.571000
37.660417	1.134472	50.617000
37.694536	1.129859	50.662000
37.728831	1.131470	50.708000
37.762031	1.134583	50.754000
37.797406	1.135457	50.799000
37.832734	1.135720	50.845000
37.867421	1.137930	50.891000
37.902143	1.137108	50.937000
38.026718	1.135098	50.982000
38.061959	1.130000	51.149000
38.096995	1.136194	51.195000
38.131920	1.142448	51.241000
38.166511	1.149443	51.287000
38.200211	1.150896	51.332000
38.234337	1.147308	51.378000
38.268782	1.148318	51.423000
38.304229	1.150987	51.469000
38.422409	1.148035	51.515000
38.456892	1.149801	51.671000
38.491014	1.155030	51.717000
38.525717	1.159280	51.762000
38.559870	1.162562	51.808000
38.594772	1.160280	51.854000
38.630127	1.159320	51.900000
38.665133	1.159148	51.946000
38.698971	1.156807	51.991000
38.733289	1.152184	52.037000
38.858860	1.152477	52.083000
38.894100	1.175255	52.249000
38.927842	1.183658	52.294000
38.962248	1.192022	52.340000
38.996336	1.194606	52.386000
39.031484	1.190493	52.432000
39.066067	1.185284	52.478000
39.100600	1.185374	52.524000
39.135483	1.187655	52.570000
39.414977	1.219225	52.616000
39.449207	1.219843	52.984000
39.484105	1.225629	53.030000
39.517966	1.231188	53.076000
39.552541	1.232011	53.122000
39.587251	1.223498	53.168000
39.705592	1.215568	53.214000
39.740506	1.214919	53.369000
39.774820	1.213129	53.416000
39.809096	1.211093	53.462000
39.843460	1.207661	53.507000
39.877621	1.202525	53.553000
39.912085	1.199617	53.599000
39.947690	1.201197	53.644000
40.072930	1.218442	53.690000
40.106837	1.223200	53.857000
40.142128	1.227726	53.902000
40.177437	1.230115	53.948000
40.212216	1.231808	53.994000
40.246742	1.236178	54.040000
40.280714	1.241283	54.086000
40.315063	1.242720	54.132000
40.349938	1.239147	54.178000
40.384783	1.241607	54.224000
40.681460	1.247710	54.269000
40.715940	1.227101	54.661000
40.749666	1.225437	54.707000
40.784826	1.220619	54.753000
40.903973	1.219274	54.799000
40.938986	1.222927	54.956000
40.974257	1.223790	55.002000
41.009144	1.221007	55.048000
41.041488	1.215811	55.094000
41.075502	1.209208	55.139000
41.110316	1.203428	55.185000
41.145199	1.194535	55.231000
41.180278	1.182725	55.276000
41.215218	1.172131	55.322000
41.249533	1.165241	55.368000
41.366640	1.165928	55.414000
41.400889	1.162036	55.570000
41.436006	1.154535	55.616000
41.470874	1.152466	55.661000
41.505695	1.155556	55.707000
41.540482	1.155964	55.753000
41.574358	1.153093	55.798000
41.608254	1.143695	55.844000
41.735081	1.129697	55.890000
41.770094	1.130192	56.056000
41.804067	1.127254	56.102000
41.838377	1.122460	56.148000
41.872342	1.121283	56.194000
41.907067	1.122834	56.240000
41.942269	1.124494	56.285000
41.977010	1.123898	56.331000
42.011800	1.123918	56.377000
42.045904	1.120299	56.423000
42.079572	1.116549	56.468000
42.197364	1.107424	56.514000
42.232427	1.071415	56.670000
42.267725	1.065929	56.716000
42.302731	1.065556	56.762000
42.336354	1.067550	56.807000
42.370691	1.068150	56.853000
42.404986	1.065117	56.899000
42.439823	1.057838	56.944000
42.566212	1.049061	56.990000
42.600419	1.049556	57.157000
42.634821	1.048779	57.203000
42.669623	1.047336	57.248000
42.704606	1.045135	57.294000
42.739819	1.044034	57.340000
42.775767	1.042919	57.388000
42.810100	1.044671	57.434000
42.844806	1.047205	57.480000
42.878475	1.045634	57.525000
43.014015	1.042511	57.571000
43.047235	1.050399	57.749000
43.082632	1.054604	57.795000
43.117281	1.060605	57.841000
43.152183	1.068827	57.887000
43.186812	1.076140	57.932000
43.222045	1.081935	57.979000
43.256313	1.087946	58.024000
43.290247	1.094416	58.070000
43.567604	1.127059	58.116000
43.602641	1.136538	58.483000
43.637093	1.140948	58.529000
43.671415	1.148217	58.575000
43.707090	1.158104	58.621000
43.741761	1.161621	58.667000
43.859103	1.163120	58.713000
43.893598	1.194640	58.869000
43.927774	1.203600	58.915000
43.962807	1.205867	58.961000
43.997609	1.207831	59.007000
44.033030	1.214151	59.053000
44.067986	1.221652	59.098000
44.102188	1.228204	59.144000
44.227498	1.240381	59.190000
44.262634	1.247458	59.357000
44.297663	1.252588	59.402000
44.331609	1.253984	59.448000
44.365766	1.254196	59.494000
44.400226	1.259936	59.539000
44.434479	1.266711	59.585000
44.469381	1.272633	59.631000
44.504567	1.275374	59.677000
44.539523	1.277773	59.722000
44.573250	1.278343	59.768000
44.851752	1.280243	59.814000
44.886316	1.305655	60.182000
44.919643	1.309420	60.228000
44.954622	1.316485	60.274000
45.072067	1.346518	60.320000
45.107630	1.349139	60.476000
45.141814	1.352138	60.521000
45.176128	1.359083	60.567000
45.209951	1.369385	60.613000
45.244592	1.380956	60.659000
45.279221	1.387761	60.705000
45.314534	1.390401	60.750000
45.349720	1.394514	60.796000
45.383904	1.398793	60.842000
45.506282	1.404675	60.887000
45.541192	1.419326	61.049000
45.575360	1.428214	61.095000
45.609221	1.438076	61.141000
45.643701	1.446929	61.187000
45.678411	1.453682	61.232000
45.713517	1.454136	61.279000
45.748507	1.454490	61.324000
45.783079	1.458038	61.370000
45.901166	1.455745	61.416000
45.935119	1.455301	61.572000
45.970025	1.458981	61.618000
46.004981	1.465552	61.664000
46.039860	1.467324	61.710000
46.075116	1.468864	61.756000
46.109906	1.464099	61.801000
46.143917	1.461414	61.847000
46.177939	1.463271	61.893000
46.211797	1.463301	61.939000
46.336783	1.463075	61.984000
46.371267	1.458799	62.149000
46.405481	1.452697	62.195000
46.440168	1.445368	62.241000
46.475381	1.439377	62.287000
46.510687	1.436849	62.333000
46.545120	1.433659	62.379000
46.579757	1.429571	62.424000
46.613799	1.428041	62.470000
46.731482	1.439151	62.518000
46.766239	1.436880	62.672000
46.801018	1.427527	62.718000
46.836219	1.418908	62.764000
46.871141	1.411741	62.810000
46.905501	1.403868	62.856000
46.940207	1.394393	62.902000
46.974587	1.385855	62.948000
47.009285	1.381486	62.993000
47.043519	1.381405	63.039000
47.166869	1.383905	63.088000
47.201783	1.374153	63.249000
47.236850	1.367465	63.295000
47.272010	1.362279	63.341000
47.306816	1.360348	63.387000
47.341822	1.360328	63.432000
47.375229	1.361846	63.479000
47.408971	1.364526	63.524000
47.444304	1.369294	63.570000
47.722260	1.360217	63.616000
47.756867	1.359779	63.985000
47.792172	1.363029	64.031000
47.827892	1.367787	64.076000
47.863010	1.368376	64.122000
47.897382	1.366915	64.168000
48.014205	1.359326	64.214000
48.049011	1.350000	64.370000
48.083513	1.344790	64.416000
48.119003	1.335405	64.462000
48.153713	1.328762	64.508000
48.191193	1.328329	64.558000
48.225934	1.330698	64.603000
48.260459	1.332024	64.649000
48.382822	1.311318	64.695000
48.417548	1.312628	64.857000
48.451409	1.314318	64.903000
48.485581	1.315280	64.949000
48.520364	1.310124	64.994000
48.554613	1.301250	65.040000
48.590203	1.295448	65.086000
48.625431	1.296321	65.132000
48.659315	1.295998	65.177000
48.693772	1.293261	65.223000
48.990557	1.286452	65.269000
49.024702	1.270697	65.662000
49.059973	1.273524	65.707000
49.094668	1.275032	65.753000
49.212912	1.271750	65.799000
49.246435	1.273036	65.957000
49.281372	1.273898	66.003000
49.316005	1.275505	66.049000
49.351606	1.279129	66.094000
49.386916	1.283303	66.140000
49.421372	1.291250	66.186000
49.455713	1.296109	66.232000
49.488925	1.293730	66.277000
49.523677	1.288554	66.323000
49.660454	1.284133	66.369000
49.695084	1.287268	66.549000
49.729044	1.285358	66.595000
49.763924	1.282622	66.641000
49.798991	1.281629	66.687000
49.833866	1.280540	66.732000
49.868753	1.280752	66.778000
49.902706	1.281886	66.824000
49.937166	1.285983	66.870000
50.054785	1.304511	66.915000
50.089594	1.311848	67.071000
50.124666	1.318611	67.117000
50.158830	1.324317	67.163000
50.193371	1.331353	67.209000
50.226890	1.339130	67.254000
50.261861	1.347239	67.300000
50.296283	1.350701	67.346000
50.331593	1.351095	67.392000
50.367344	1.344351	67.437000
50.491305	1.342299	67.484000
50.526057	1.364375	67.649000
50.560606	1.366784	67.695000
50.596115	1.365197	67.741000
50.630706	1.363311	67.787000
50.665493	1.366703	67.833000
50.698896	1.372655	67.878000
50.733641	1.377605	67.924000
50.767825	1.380865	67.970000
50.885981	1.376038	68.016000
50.921133	1.370766	68.171000
50.955800	1.363311	68.217000
50.990434	1.361013	68.263000
51.023887	1.362228	68.309000
51.058939	1.364496	68.355000
51.093215	1.365298	68.401000
51.127964	1.358841	68.446000
51.163108	1.350631	68.492000
51.198010	1.348424	68.538000
51.322301	1.355368	68.583000
51.357249	1.357108	68.749000
51.392228	1.349210	68.795000
51.427161	1.344159	68.841000
51.461426	1.345303	68.887000
51.499781	1.352480	68.938000
51.533827	1.359667	68.983000
51.568072	1.359546	69.029000
51.602717	1.358534	69.075000
51.881438	1.397811	69.121000
51.916048	1.402285	69.489000
51.950881	1.404525	69.535000
51.986002	1.408878	69.581000
52.020712	1.410485	69.627000
52.154635	1.409705	69.673000
52.188865	1.430525	69.849000
52.223010	1.437288	69.895000
52.257351	1.440846	69.941000
52.291704	1.442558	69.987000
52.326345	1.443886	70.033000
52.361281	1.449755	70.078000
52.396829	1.455433	70.124000
52.430601	1.459517	70.170000
52.547394	1.491249	70.216000
52.581689	1.493358	70.372000
52.616649	1.491758	70.417000
52.651351	1.495771	70.463000
52.687075	1.503791	70.509000
52.721697	1.509903	70.555000
52.756115	1.510651	70.601000
52.789807	1.507143	70.647000
52.824063	1.510806	70.692000
52.859069	1.516500	70.738000
53.145309	1.519372	70.784000
53.179473	1.502034	71.162000
53.214491	1.499683	71.208000
53.248152	1.500849	71.254000
53.366765	1.499198	71.299000
53.401725	1.495448	71.457000
53.437073	1.496695	71.503000
53.472102	1.501237	71.549000
53.506984	1.506304	71.595000
53.541372	1.508869	71.640000
53.575279	1.510116	71.686000
53.609397	1.512548	71.732000
53.643946	1.521043	71.778000
53.679609	1.534363	71.823000
53.814522	1.548072	71.869000
53.849647	1.587617	72.050000
53.884380	1.594199	72.095000
53.919309	1.599105	72.141000
53.954127	1.604112	72.187000
53.989141	1.612772	72.233000
54.023144	1.623488	72.279000
54.056970	1.634971	72.325000
54.091799	1.644459	72.370000
54.209429	1.659485	72.416000
54.244719	1.666228	72.572000
54.279103	1.672483	72.618000
54.312998	1.676741	72.663000
54.347124	1.681928	72.709000
54.382168	1.686706	72.755000
54.417543	1.687603	72.801000
54.452530	1.687431	72.847000
54.487420	1.687059	72.893000
54.522180	1.689135	72.939000
54.646176	1.690481	72.984000
54.681474	1.707975	73.150000
54.716257	1.708791	73.195000
54.750663	1.703217	73.241000
54.784482	1.699477	73.287000
54.819065	1.697858	73.333000
54.853787	1.697959	73.379000
54.887778	1.698903	73.425000
54.923164	1.699406	73.470000
55.041217	1.704471	73.516000
55.075043	1.704144	73.672000
55.108612	1.704225	73.717000
55.143372	1.702858	73.763000
55.178309	1.703368	73.809000
55.213499	1.702798	73.855000
55.248655	1.701981	73.900000
55.283196	1.699693	73.947000
55.317257	1.701674	73.992000
55.351586	1.702062	74.038000
55.477975	1.701724	74.084000
55.512439	1.674598	74.250000
55.546804	1.667755	74.296000
55.580307	1.664020	74.341000
55.615160	1.662205	74.387000
55.650208	1.655799	74.433000
55.685317	1.650593	74.479000
55.720465	1.649612	74.525000
55.755110	1.648780	74.571000
56.033216	1.617517	74.616000
56.067554	1.616816	74.985000
56.102033	1.612475	75.031000
56.136252	1.607306	75.077000
56.170474	1.606842	75.123000
56.205049	1.606575	75.168000
56.325096	1.604763	75.214000
56.359706	1.604904	75.371000
56.393824	1.605440	75.417000
56.427800	1.601305	75.462000
56.462015	1.599560	75.508000
56.496805	1.601639	75.554000
56.531450	1.602259	75.600000
56.566809	1.603627	75.646000
56.690720	1.604863	75.691000
56.725530	1.606504	75.857000
56.760521	1.609759	75.903000
56.795700	1.617220	75.949000
56.830210	1.624265	75.995000
56.864689	1.630145	76.041000
56.898666	1.630297	76.087000
56.937893	1.634108	76.137000
56.971831	1.644761	76.183000
57.005884	1.657237	76.229000
57.299619	1.667512	76.275000
57.333518	1.715161	76.662000
57.368543	1.720907	76.708000
57.402885	1.729168	76.754000
57.522312	1.736244	76.800000
57.557622	1.736153	76.957000
57.592251	1.740687	77.003000
57.626450	1.745043	77.049000
57.660887	1.745647	77.095000
57.695006	1.744755	77.141000
57.730269	1.747664	77.187000
57.764860	1.752723	77.232000
57.800004	1.756654	77.278000
57.835425	1.756786	77.324000
57.970016	1.759064	77.370000
58.004722	1.771191	77.550000
58.039613	1.775016	77.596000
58.073754	1.785353	77.641000
58.107780	1.795442	77.687000
58.142306	1.802998	77.732000
58.176705	1.804626	77.778000
58.211883	1.808501	77.824000
58.247592	1.815135	77.870000
58.365230	1.816268	77.916000
58.399375	1.815104	78.072000
58.433324	1.818445	78.118000
58.468227	1.821339	78.164000
58.502510	1.820295	78.209000
58.537808	1.821837	78.255000
58.573067	1.824529	78.301000
58.607989	1.828345	78.347000
58.641062	1.828545	78.393000
58.675868	1.827411	78.438000
58.801984	1.826196	78.484000
58.836583	1.828984	78.650000
58.870482	1.828474	78.696000
58.904320	1.831055	78.741000
58.939023	1.835874	78.787000
58.973571	1.837668	78.833000
59.009088	1.837295	78.878000
59.043744	1.835077	78.924000
59.078208	1.841030	78.970000
59.195377	1.849573	79.016000
59.229327	1.848247	79.172000
59.264356	1.848308	79.218000
59.299561	1.852121	79.264000
59.334521	1.856346	79.309000
59.368870	1.856730	79.355000
59.403641	1.855111	79.401000
59.437491	1.854722	79.447000
59.471163	1.855495	79.493000
59.506361	1.856879	79.538000
59.632309	1.854260	79.584000
59.666481	1.855927	79.750000
59.700703	1.860225	79.796000
59.735978	1.865515	79.842000
59.770995	1.868214	79.888000
59.805555	1.870667	79.933000
59.840296	1.870168	79.979000
59.873999	1.870047	80.025000
59.908214	1.871833	80.070000
60.186048	1.859790	80.116000
60.220754	1.861926	80.484000
60.255617	1.866196	80.530000
60.290231	1.869744	80.576000
60.325594	1.871965	80.621000
60.360231	1.871395	80.667000
60.476536	1.869734	80.713000
60.511104	1.865485	80.869000
60.546190	1.867240	80.915000
60.581069	1.872005	80.960000
60.616217	1.881403	81.006000
60.650870	1.890503	81.052000
60.685760	1.897368	81.098000
60.719863	1.902672	81.144000
60.846283	1.910768	81.190000
60.881204	1.905337	81.358000
60.915891	1.901178	81.404000
60.950405	1.902772	81.450000
60.984808	1.902611	81.495000
61.018961	1.898645	81.541000
61.054374	1.892704	81.587000
61.089265	1.887748	81.633000
61.124078	1.885547	81.679000
61.158466	1.882387	81.725000
61.453107	1.877305	81.770000
61.488324	1.891906	82.162000
61.523192	1.892097	82.208000
61.558628	1.889968	82.254000
61.677587	1.878961	82.300000
61.712643	1.883867	82.458000
61.746219	1.888964	82.503000
61.780226	1.892078	82.550000
61.815267	1.889626	82.595000
61.850407	1.883463	82.641000
61.885382	1.884069	82.687000
61.920019	1.886926	82.733000
61.955190	1.888843	82.779000
61.988855	1.885366	82.824000
62.125379	1.879274	82.870000
62.160131	1.873383	83.050000
62.194376	1.873161	83.096000
62.228491	1.871213	83.142000
62.262928	1.871051	83.188000
62.297784	1.868871	83.234000
62.333170	1.866064	83.280000
62.368061	1.864656	83.325000
62.402771	1.863784	83.371000
62.519598	1.862224	83.417000
62.554008	1.861826	83.573000
62.588991	1.864929	83.619000
62.623117	1.867039	83.665000
62.658910	1.867807	83.711000
62.693248	1.868255	83.756000
62.728069	1.870446	83.803000
62.762011	1.873525	83.848000
62.796118	1.878027	83.894000
62.830532	1.880217	83.940000
62.956644	1.880308	83.986000
62.990551	1.869209	84.150000
63.025138	1.867787	84.196000
63.060075	1.864359	84.242000
63.094090	1.863204	84.288000
63.129687	1.861391	84.333000
63.164017	1.860781	84.379000
63.198200	1.862779	84.425000
63.232031	1.868235	84.471000
63.350064	1.873706	84.516000
63.384885	1.876780	84.672000
63.420252	1.882973	84.718000
63.454432	1.890963	84.764000
63.488942	1.898705	84.809000
63.523076	1.903757	84.855000
63.556979	1.907265	84.901000
63.591974	1.909532	84.946000
63.626849	1.910284	84.992000
63.662220	1.911833	85.038000
63.786926	1.910233	85.084000
63.821552	1.924850	85.250000
63.856427	1.930407	85.296000
63.891579	1.931290	85.342000
63.926012	1.928297	85.388000
63.960603	1.924123	85.434000
63.994790	1.919011	85.480000
64.028640	1.913590	85.525000
64.063500	1.906452	85.571000
64.341967	1.901088	85.617000
64.376727	1.893112	85.985000
64.411910	1.887869	86.031000
64.446532	1.886733	86.077000
64.481215	1.889918	86.123000
64.515498	1.892442	86.169000
64.632855	1.897560	86.215000
64.667277	1.897499	86.371000
64.702813	1.890963	86.417000
64.738042	1.887930	86.463000
64.773209	1.889737	86.508000
64.807285	1.889726	86.554000
64.841100	1.891906	86.600000
64.875299	1.892179	86.646000
65.002099	1.875796	86.692000
65.035945	1.870269	86.858000
65.070490	1.870526	86.904000
65.104796	1.870940	86.950000
65.139157	1.869704	86.995000
65.174470	1.867008	87.041000
65.209360	1.865832	87.087000
65.244005	1.865121	87.133000
65.278181	1.865555	87.178000
65.312050	1.864046	87.224000
65.346280	1.864535	87.270000
65.624129	1.866236	87.315000
65.658773	1.857459	87.683000
65.694571	1.852742	87.729000
65.729530	1.852022	87.775000
65.847510	1.853268	87.821000
65.881394	1.850198	87.977000
65.915278	1.849240	88.022000
65.949915	1.850157	88.068000
65.984982	1.849209	88.114000
66.020088	1.842254	88.160000
66.055378	1.839976	88.206000
66.089700	1.841574	88.252000
66.123876	1.846533	88.298000
66.157806	1.848983	88.343000
66.279674	1.844876	88.389000
66.314241	1.840017	88.550000
66.348656	1.841533	88.596000
66.383446	1.840898	88.642000
66.419067	1.838499	88.688000
66.453996	1.834034	88.734000
66.488971	1.831433	88.780000
66.523231	1.832310	88.825000
66.557185	1.832129	88.871000
66.674565	1.829388	88.917000
66.710254	1.827870	89.074000
66.745575	1.826746	89.119000
66.779421	1.824941	89.165000
66.814012	1.819630	89.211000
66.847612	1.817392	89.256000
66.881864	1.816511	89.302000
66.916878	1.813798	89.348000
66.951914	1.808910	89.394000
66.987366	1.810609	89.440000
67.110893	1.812948	89.486000
67.144892	1.814912	89.650000
67.179975	1.818169	89.696000
67.214996	1.820547	89.742000
67.249449	1.822352	89.788000
67.283840	1.824141	89.834000
67.317271	1.825123	89.879000
67.352238	1.826827	89.925000
67.387267	1.835461	89.971000
67.505792	1.841414	90.017000
67.539891	1.845777	90.172000
67.574151	1.852742	90.218000
67.607951	1.858347	90.264000
67.642388	1.860498	90.309000
67.676948	1.861522	90.355000
67.712123	1.864328	90.401000
67.746853	1.872247	90.446000
67.781213	1.880984	90.492000
67.815673	1.889736	90.538000
67.941390	1.896983	90.584000
67.977279	1.920504	90.750000
68.011325	1.922013	90.796000
68.045670	1.920157	90.842000
68.079638	1.919207	90.888000
68.114168	1.923553	90.934000
68.148682	1.929645	90.979000
68.183880	1.934016	91.025000
68.219093	1.935984	91.071000
68.496988	1.948330	91.117000
68.531372	1.953539	91.485000
68.566116	1.957394	91.530000
68.600146	1.959969	91.576000
68.633923	1.967046	91.622000
68.668606	1.976076	91.668000
68.787477	1.985100	91.713000
68.822513	1.998602	91.869000
68.856820	2.003907	91.915000
68.890865	2.008671	91.961000
68.925295	2.010271	92.007000
68.959225	2.012991	92.053000
68.994408	2.021189	92.098000
69.029467	2.032535	92.144000
69.155991	2.060839	92.190000
69.190105	2.066190	92.358000
69.225096	2.071141	92.404000
69.259833	2.074505	92.450000
69.295038	2.077613	92.496000
69.329691	2.084499	92.541000
69.364397	2.092891	92.587000
69.398450	2.100179	92.633000
69.432411	2.105079	92.679000
69.467486	2.106061	92.725000
69.764997	2.106912	92.771000
69.799273	2.108096	93.163000
69.832942	2.111983	93.209000
69.868017	2.117406	93.255000
69.986826	2.133504	93.300000
70.021716	2.138976	93.458000
70.056369	2.145590	93.504000
70.091828	2.152816	93.550000
70.125581	2.164248	93.596000
70.159980	2.175219	93.641000
70.194133	2.184138	93.687000
70.228778	2.189320	93.733000
70.263123	2.194299	93.779000
70.298436	2.205080	93.824000
70.433934	2.219153	93.870000
70.468463	2.243062	94.051000
70.504053	2.250718	94.096000
70.539335	2.260445	94.142000
70.573796	2.271075	94.188000
70.607626	2.280318	94.234000
70.641710	2.292449	94.280000
70.676623	2.304270	94.326000
70.710945	2.313778	94.371000
70.830254	2.362358	94.417000
70.865160	2.376662	94.574000
70.899605	2.384082	94.619000
70.933919	2.391713	94.665000
70.967765	2.401824	94.711000
71.002609	2.413504	94.757000
71.037085	2.425839	94.803000
71.071745	2.437437	94.848000
71.106666	2.448783	94.894000
71.140881	2.457854	94.940000
71.265145	2.470072	94.986000
71.300889	2.519019	95.150000
71.335234	2.532139	95.196000
71.369195	2.547167	95.242000
71.402626	2.561859	95.288000
71.437316	2.576666	95.334000
71.472629	2.589141	95.380000
71.507582	2.601488	95.426000
71.542065	2.615792	95.471000
71.660690	2.656293	95.517000
71.694420	2.668227	95.674000
71.728665	2.676825	95.719000
71.763464	2.683111	95.765000
71.798262	2.694074	95.811000
71.833299	2.705513	95.857000
71.868535	2.714736	95.902000
71.903664	2.724143	95.948000
71.937171	2.736583	95.994000
71.971355	2.748091	96.040000
72.097033	2.755754	96.086000
72.131033	2.793255	96.251000
72.164571	2.808498	96.297000
72.199446	2.831181	96.342000
72.234168	2.851345	96.388000
72.269727	2.870197	96.434000
72.304663	2.885182	96.480000
72.339838	2.901525	96.526000
72.373960	2.920370	96.572000
72.652132	3.100148	96.617000
72.686608	3.125220	96.986000
72.720031	3.152303	97.032000
72.754960	3.180850	97.078000
72.790189	3.206202	97.124000
72.824664	3.229410	97.169000
72.942720	3.245333	97.215000
72.976958	3.268967	97.371000
73.010988	3.273590	97.416000
73.045587	3.282836	97.462000
73.079947	3.295000	97.508000
73.115099	3.310551	97.554000
73.149836	3.331507	97.599000
73.184473	3.353851	97.645000
73.310243	3.439004	97.691000
73.345572	3.459037	97.858000
73.380823	3.476329	97.904000
73.415384	3.491035	97.950000
73.450167	3.510606	97.996000
73.483782	3.534878	98.042000
73.517958	3.563214	98.087000
73.552318	3.590659	98.133000
73.587124	3.611807	98.179000
73.622368	3.632813	98.225000
73.918550	3.656505	98.270000
73.952788	3.873912	98.663000
73.987163	3.904508	98.709000
74.022085	3.936906	98.755000
74.141778	4.022691	98.801000
74.176545	4.033945	98.958000
74.211689	4.046473	99.004000
74.245781	4.064996	99.050000
74.279527	4.089466	99.096000
74.314087	4.112572	99.142000
74.348685	4.134358	99.187000
74.384168	4.153638	99.233000
74.419058	4.175841	99.279000
74.453764	4.199361	99.325000
74.589247	4.224408	99.371000
74.624253	4.365136	99.551000
74.659320	4.401248	99.597000
74.693250	4.438710	99.643000
74.727449	4.472474	99.688000
74.761809	4.506699	99.734000
74.797023	4.542777	99.780000
74.831391	4.578291	99.826000
74.866581	4.608580	99.872000
74.985114	4.708297	99.918000
75.019098	4.752029	100.074000
75.052866	4.799355	100.120000
75.089978	4.855082	100.169000
75.124238	4.908155	100.215000
75.158668	4.958476	100.260000
75.193965	4.998351	100.306000
75.229110	5.020206	100.352000
75.264008	5.030861	100.398000
75.297592	5.036751	100.443000
75.420681	5.047204	100.489000
75.454519	5.173139	100.651000
75.488526	5.230511	100.697000
75.522794	5.291239	100.743000
75.557600	5.349978	100.788000
75.592606	5.400219	100.834000
75.627935	5.433178	100.880000
75.661634	5.466267	100.926000
75.696333	5.498787	100.971000
75.812760	5.656713	101.017000
75.848150	5.711577	101.172000
75.883141	5.758010	101.218000
75.918531	5.789822	101.264000
75.953221	5.819081	101.310000
75.987613	5.838555	101.356000
76.021489	5.856125	101.402000
76.056295	5.884601	101.448000
76.090817	5.919120	101.493000
76.125454	5.965717	101.539000
76.249941	6.016242	101.585000
76.284655	6.185807	101.751000
76.319891	6.220184	101.797000
76.354213	6.242392	101.842000
76.389496	6.270899	101.888000
76.424432	6.307114	101.934000
76.458585	6.347533	101.980000
76.493100	6.388362	102.026000
76.526722	6.424085	102.072000
76.805532	6.879154	102.117000
76.840338	6.945756	102.486000
76.875052	7.013389	102.532000
76.910158	7.086221	102.578000
76.945133	7.164385	102.623000
76.979762	7.252969	102.669000
77.096143	7.347638	102.715000
77.131318	7.647943	102.871000
77.165417	7.709961	102.917000
77.199770	7.758169	102.962000
77.235437	7.793699	103.008000
77.269774	7.815565	103.053000
77.303758	7.850763	103.099000
77.337734	7.907036	103.145000
77.465041	8.146829	103.190000
77.499947	8.168971	103.358000
77.534123	8.184428	103.404000
77.568545	8.222288	103.450000
77.603228	8.275556	103.496000
77.637097	8.326695	103.541000
77.672418	8.379214	103.587000
77.707562	8.440070	103.633000
77.742145	8.512452	103.679000
77.776675	8.585987	103.724000
77.810443	8.661960	103.770000
78.088930	8.756590	103.816000
78.122684	9.500831	104.184000
78.157751	9.557853	104.230000
78.192980	9.618747	104.276000
78.311835	9.946110	104.322000
78.346395	10.036813	104.478000
78.380640	10.099653	104.524000
78.415039	10.170830	104.570000
78.449100	10.268346	104.616000
78.483522	10.346203	104.661000
78.518397	10.414065	104.707000
78.553741	10.500568	104.753000
78.587917	10.610613	104.799000
78.622585	10.724602	104.844000
78.744291	10.807388	104.890000
78.778590	11.181176	105.051000
78.812520	11.318819	105.097000
78.847218	11.388110	105.143000
78.882362	11.401531	105.189000
78.916907	11.411568	105.234000
78.952259	11.455161	105.280000
78.986604	11.527851	105.326000
79.020788	11.607754	105.371000
79.137015	11.817118	105.417000
79.171552	11.889736	105.573000
79.206750	11.986736	105.618000
79.241848	12.109834	105.664000
79.276078	12.237857	105.710000
79.310377	12.363761	105.756000
79.344745	12.466409	105.801000
79.379198	12.566429	105.847000
79.413996	12.690369	105.893000
79.448718	12.793215	105.939000
79.574066	12.861175	105.985000
79.609018	13.316018	106.151000
79.643462	13.466105	106.197000
79.678053	13.561943	106.243000
79.713674	13.639487	106.289000
79.748334	13.738445	106.335000
79.783563	13.842730	106.381000
79.817362	13.945790	106.426000
79.851454	14.056372	106.472000
79.969310	14.421657	106.518000
80.004639	14.540633	106.674000
80.039437	14.675236	106.720000
80.074512	14.795901	106.766000
80.108404	14.901681	106.811000
80.142319	15.014794	106.857000
80.177009	15.141433	106.903000
80.211447	15.269428	106.949000
80.246898	15.388677	106.995000
80.281620	15.522514	107.040000
80.405469	15.682003	107.086000
80.439999	16.211710	107.251000
80.475150	16.349360	107.297000
80.510510	16.479246	107.343000
80.545208	16.625381	107.389000
80.578762	16.797780	107.435000
80.613384	16.978088	107.480000
80.647859	17.135241	107.526000
80.685347	17.302306	107.576000
80.963503	18.375853	107.622000
80.998678	18.576744	107.990000
81.032747	18.802641	108.036000
81.068006	19.038940	108.081000
81.103150	19.281865	108.127000
81.237641	19.527871	108.173000
81.272432	20.501689	108.351000
