Sample	2mm tape 
date	08/01/2026
	
Temperature (K)	77.00
Angle (deg.)	90.000000
field / T	0.300000
	
		
Approx. trace time (s)	90.0	
		
Current / A	V1  -sample/ uV	time/s
-0.018842	0.168065	0.000000
-0.018836	0.160378	0.102000
-0.017898	0.155331	0.148000
-0.018353	0.155311	0.193000
-0.018496	0.153689	0.239000
-0.018108	0.152261	0.285000
-0.018054	0.152554	0.331000
-0.018812	0.153211	0.377000
-0.018812	0.152958	0.422000
0.000496	0.159090	0.468000
0.032530	0.158837	0.837000
0.054789	0.159110	0.883000
0.075567	0.160206	0.929000
0.097378	0.161220	0.974000
0.119485	0.162487	1.020000
0.191102	0.157884	1.066000
0.210895	0.165561	1.222000
0.232594	0.165041	1.267000
0.253772	0.166898	1.313000
0.275326	0.164354	1.359000
0.297255	0.161452	1.405000
0.319150	0.157985	1.451000
0.340918	0.155583	1.497000
0.417413	0.152341	1.542000
0.438012	0.154936	1.707000
0.460042	0.164294	1.753000
0.481354	0.170921	1.799000
0.501386	0.173465	1.845000
0.522492	0.172788	1.890000
0.545197	0.169755	1.936000
0.566225	0.165510	1.982000
0.587696	0.163531	2.028000
0.608711	0.160937	2.074000
0.630944	0.159140	2.120000
0.800969	0.157197	2.165000
0.822684	0.158898	2.533000
0.844071	0.158979	2.579000
0.865909	0.150828	2.625000
0.939949	0.138341	2.671000
0.960298	0.140521	2.827000
0.982422	0.143146	2.873000
1.003535	0.150959	2.919000
1.024200	0.158757	2.964000
1.045918	0.160745	3.010000
1.066500	0.160947	3.056000
1.088603	0.161230	3.101000
1.109709	0.154855	3.147000
1.132354	0.157682	3.193000
1.206783	0.157490	3.239000
1.228220	0.148874	3.402000
1.250176	0.153669	3.448000
1.271049	0.157803	3.494000
1.292126	0.163511	3.539000
1.313743	0.168296	3.585000
1.335483	0.169432	3.631000
1.356911	0.165062	3.677000
1.378433	0.160216	3.723000
1.450726	0.148466	3.768000
1.471906	0.142843	3.925000
1.493556	0.138492	3.970000
1.514130	0.141258	4.016000
1.536341	0.142555	4.062000
1.558359	0.143459	4.108000
1.579262	0.141727	4.154000
1.600786	0.142944	4.200000
1.621831	0.146704	4.245000
1.642365	0.151509	4.291000
1.720694	0.156900	4.337000
1.741968	0.164203	4.502000
1.761934	0.170285	4.548000
1.783763	0.177351	4.593000
1.805519	0.187264	4.640000
1.826835	0.195466	4.686000
1.849237	0.203779	4.731000
1.870187	0.212536	4.777000
1.892152	0.220627	4.823000
1.964631	0.237444	4.869000
1.985578	0.239014	5.024000
2.007429	0.242250	5.070000
2.030105	0.249084	5.116000
2.050992	0.259315	5.162000
2.071557	0.266796	5.208000
2.092663	0.269278	5.254000
2.113746	0.268794	5.299000
2.135019	0.267618	5.345000
2.157048	0.267537	5.391000
2.233750	0.265377	5.436000
2.254809	0.285682	5.602000
2.276967	0.292279	5.648000
2.298068	0.295878	5.694000
2.319858	0.297381	5.740000
2.341161	0.298618	5.786000
2.362525	0.301102	5.832000
2.384291	0.303797	5.877000
2.404461	0.309273	5.923000
2.576096	0.326495	5.969000
2.598349	0.329650	6.337000
2.619629	0.333409	6.383000
2.641818	0.337800	6.429000
2.663548	0.342511	6.475000
2.684100	0.346655	6.520000
2.756376	0.352497	6.566000
2.777420	0.365223	6.722000
2.799304	0.371428	6.768000
2.821059	0.372813	6.814000
2.842762	0.377450	6.859000
2.864507	0.382747	6.905000
2.885070	0.388831	6.951000
2.907002	0.395630	6.997000
2.983864	0.412342	7.043000
3.005474	0.420931	7.207000
3.025464	0.430810	7.253000
3.047030	0.436591	7.299000
3.068365	0.441781	7.344000
3.089790	0.441692	7.390000
3.111739	0.436358	7.436000
3.133902	0.431444	7.482000
3.153893	0.433027	7.528000
3.175384	0.440677	7.573000
3.195990	0.450923	7.619000
3.368381	0.461603	7.665000
3.389386	0.545595	8.033000
3.411539	0.550494	8.079000
3.432665	0.558633	8.125000
3.505077	0.610234	8.170000
3.525999	0.620016	8.326000
3.547554	0.627601	8.372000
3.569019	0.634279	8.417000
3.590799	0.641315	8.463000
3.612137	0.651515	8.509000
3.633645	0.668923	8.555000
3.655123	0.684838	8.601000
3.676153	0.691985	8.647000
3.697387	0.689401	8.693000
3.774100	0.692768	8.738000
3.795981	0.708268	8.902000
3.816699	0.702539	8.948000
3.837892	0.695776	8.994000
3.859238	0.695918	9.040000
3.881592	0.698128	9.086000
3.902979	0.695433	9.132000
3.924511	0.688003	9.177000
3.945756	0.676435	9.223000
4.017428	0.653015	9.269000
4.038542	0.648341	9.425000
4.060663	0.644287	9.471000
4.082600	0.640159	9.517000
4.103895	0.634708	9.562000
4.125276	0.631068	9.608000
4.146096	0.629575	9.654000
4.166976	0.629953	9.700000
4.189538	0.619692	9.746000
4.210850	0.613176	9.791000
4.288096	0.598861	9.837000
4.309322	0.574913	10.002000
4.330459	0.570718	10.048000
4.352667	0.559038	10.094000
4.374353	0.547657	10.140000
4.395819	0.540197	10.186000
4.416875	0.535581	10.232000
4.438153	0.533903	10.278000
4.459465	0.531706	10.324000
4.531859	0.520032	10.370000
4.553329	0.512976	10.525000
4.574901	0.510063	10.571000
4.596211	0.510678	10.617000
4.617554	0.511106	10.662000
4.638875	0.513889	10.708000
4.659850	0.509861	10.754000
4.681749	0.510164	10.800000
4.703504	0.511812	10.845000
4.725455	0.513425	10.891000
4.801415	0.509696	10.937000
4.823041	0.502286	11.102000
4.845168	0.502146	11.148000
4.866607	0.502045	11.194000
4.887814	0.500982	11.240000
4.908610	0.494484	11.286000
4.929832	0.488512	11.332000
4.951209	0.480827	11.377000
4.972867	0.480292	11.423000
5.144100	0.460520	11.469000
5.165757	0.458452	11.837000
5.187573	0.454275	11.883000
5.209094	0.450091	11.929000
5.230585	0.450884	11.975000
5.251588	0.447621	12.021000
5.323792	0.451724	12.067000
5.346333	0.450101	12.222000
5.367760	0.447843	12.268000
5.388853	0.448475	12.314000
5.410085	0.445144	12.360000
5.431323	0.442381	12.406000
5.451949	0.440546	12.452000
5.473560	0.436651	12.497000
5.550255	0.417131	12.543000
5.571437	0.418205	12.707000
5.593116	0.427377	12.753000
5.614874	0.439822	12.799000
5.637364	0.445996	12.844000
5.658815	0.441660	12.891000
5.679851	0.432609	12.937000
5.700719	0.423513	12.982000
5.721378	0.419086	13.028000
5.742271	0.418472	13.074000
5.764291	0.419379	13.119000
5.936661	0.419389	13.165000
5.958061	0.395640	13.533000
5.979467	0.389738	13.579000
6.000881	0.387890	13.625000
6.073933	0.396622	13.671000
6.094847	0.396048	13.827000
6.116294	0.389955	13.873000
6.138181	0.385772	13.919000
6.159627	0.385348	13.965000
6.181217	0.385871	14.010000
6.202147	0.389626	14.056000
6.222920	0.391331	14.102000
6.244273	0.393412	14.148000
6.265868	0.390912	14.193000
6.342061	0.385227	14.239000
6.363501	0.371709	14.402000
6.384395	0.371287	14.448000
6.406734	0.370315	14.494000
6.427530	0.368065	14.540000
6.449317	0.365959	14.585000
6.470200	0.366941	14.631000
6.491195	0.366880	14.677000
6.512441	0.366347	14.723000
6.586677	0.357246	14.769000
6.607920	0.362386	14.924000
6.629457	0.362916	14.970000
6.650394	0.362014	15.016000
6.671195	0.357186	15.062000
6.692635	0.359585	15.107000
6.714083	0.360068	15.153000
6.735957	0.359403	15.199000
6.757956	0.365446	15.244000
6.778373	0.373157	15.290000
6.855491	0.378182	15.336000
6.877123	0.396724	15.503000
6.898699	0.395761	15.548000
6.919693	0.390127	15.594000
6.941413	0.386432	15.640000
6.962446	0.384538	15.686000
6.983597	0.382788	15.731000
7.004968	0.379508	15.777000
7.026396	0.372300	15.823000
7.099976	0.355809	15.868000
7.120981	0.356294	16.024000
7.141484	0.354877	16.070000
7.162725	0.350672	16.115000
7.184226	0.345511	16.162000
7.206084	0.347300	16.207000
7.227588	0.349256	16.253000
7.248750	0.353062	16.299000
7.269524	0.355119	16.344000
7.290784	0.353893	16.390000
7.369736	0.347219	16.436000
7.390705	0.325606	16.602000
7.411827	0.318823	16.648000
7.433184	0.311706	16.694000
7.454530	0.304630	16.740000
7.475515	0.300027	16.786000
7.496587	0.297928	16.831000
7.518659	0.293153	16.877000
7.540194	0.294773	16.923000
7.712027	0.294702	16.969000
7.732748	0.293547	17.337000
7.753546	0.286420	17.382000
7.774403	0.287893	17.428000
7.795974	0.291371	17.474000
7.818111	0.292799	17.520000
7.891379	0.293773	17.566000
7.912494	0.289837	17.721000
7.933811	0.296267	17.767000
7.954594	0.301789	17.813000
7.976154	0.305967	17.859000
7.997327	0.304161	17.904000
8.019380	0.298578	17.951000
8.041215	0.289978	17.996000
8.116824	0.292860	18.042000
8.139203	0.289392	18.208000
8.160935	0.282967	18.254000
8.181698	0.280716	18.299000
8.202376	0.282437	18.345000
8.224007	0.288550	18.391000
8.245284	0.294329	18.437000
8.266530	0.295818	18.483000
8.288439	0.291371	18.528000
8.309908	0.295465	18.574000
8.331777	0.298336	18.620000
8.503450	0.299295	18.666000
8.525277	0.293803	19.034000
8.545925	0.290053	19.079000
8.566771	0.282568	19.125000
8.639465	0.263732	19.171000
8.661000	0.266064	19.326000
8.682456	0.264958	19.372000
8.704053	0.266543	19.418000
8.724890	0.273180	19.464000
8.746156	0.278949	19.509000
8.767509	0.287353	19.555000
8.788090	0.292047	19.601000
8.810649	0.293566	19.647000
8.832259	0.289816	19.692000
8.908088	0.282053	19.738000
8.929867	0.268587	19.903000
8.951756	0.266553	19.949000
8.972996	0.264665	19.994000
8.994146	0.261107	20.041000
9.015090	0.258533	20.086000
9.036281	0.256272	20.132000
9.057409	0.254142	20.178000
9.079344	0.249438	20.223000
9.151892	0.232509	20.269000
9.172867	0.231342	20.425000
9.194312	0.230126	20.471000
9.215418	0.230887	20.517000
9.236400	0.231887	20.563000
9.258034	0.234476	20.609000
9.280081	0.236551	20.655000
9.302230	0.233533	20.701000
9.323233	0.227956	20.746000
9.344263	0.229904	20.792000
9.421687	0.235773	20.838000
9.442863	0.250993	21.003000
9.464483	0.250614	21.048000
9.484676	0.253466	21.094000
9.506101	0.256504	21.140000
9.528026	0.268416	21.186000
9.549720	0.271813	21.232000
9.571787	0.271691	21.278000
9.592644	0.267250	21.323000
9.664946	0.264686	21.369000
9.686544	0.265478	21.525000
9.707324	0.259018	21.571000
9.728814	0.250776	21.617000
9.750851	0.242973	21.663000
9.772070	0.238348	21.709000
9.793537	0.238015	21.755000
9.814920	0.238682	21.800000
9.835607	0.237293	21.846000
9.856505	0.230635	21.892000
9.934653	0.224539	21.938000
9.955488	0.214555	22.103000
9.976875	0.205440	22.148000
9.997774	0.196400	22.194000
10.019266	0.190358	22.240000
10.041266	0.190489	22.286000
10.062142	0.192130	22.332000
10.083838	0.192912	22.377000
10.104904	0.194634	22.423000
10.276931	0.184019	22.469000
10.298213	0.183726	22.837000
10.319626	0.182611	22.883000
10.341149	0.183211	22.929000
10.362299	0.183787	22.975000
10.383807	0.190591	23.021000
10.456127	0.199247	23.066000
10.477920	0.203249	23.222000
10.499151	0.202431	23.268000
10.520560	0.206414	23.314000
10.541318	0.213228	23.360000
10.563562	0.217932	23.406000
10.584855	0.220728	23.451000
10.606422	0.220495	23.497000
10.683104	0.222136	23.543000
10.704794	0.228026	23.708000
10.725906	0.236737	23.754000
10.747233	0.244734	23.799000
10.768334	0.251012	23.845000
10.789216	0.253466	23.891000
10.810868	0.259972	23.937000
10.833001	0.260835	23.983000
10.854410	0.266185	24.028000
10.875967	0.271409	24.074000
10.896889	0.275850	24.120000
11.068325	0.277501	24.166000
11.089409	0.303201	24.534000
11.110961	0.303191	24.580000
11.131824	0.298942	24.625000
11.205475	0.294115	24.671000
11.226980	0.295191	24.828000
11.248212	0.293722	24.874000
11.269007	0.291875	24.919000
11.290368	0.292148	24.965000
11.311652	0.293334	25.011000
11.333435	0.295838	25.057000
11.354810	0.298018	25.102000
11.376624	0.302105	25.148000
11.397958	0.304912	25.194000
11.473762	0.311024	25.240000
11.495268	0.344215	25.403000
11.515922	0.353183	25.449000
11.537070	0.360354	25.495000
11.559038	0.358741	25.541000
11.580434	0.354195	25.586000
11.601790	0.352879	25.632000
11.623808	0.357125	25.678000
11.645507	0.364392	25.724000
11.717382	0.379798	25.770000
11.738653	0.380060	25.926000
11.760226	0.380171	25.972000
11.781338	0.385277	26.017000
11.803796	0.391341	26.063000
11.824760	0.399112	26.109000
11.846088	0.411930	26.155000
11.867123	0.419017	26.201000
11.888530	0.425030	26.247000
11.909738	0.423184	26.293000
11.986329	0.427416	26.339000
12.007620	0.443445	26.503000
12.029282	0.443349	26.549000
12.050928	0.445485	26.594000
12.071910	0.454153	26.640000
12.093682	0.459315	26.686000
12.115845	0.467806	26.732000
12.136583	0.466844	26.778000
12.157683	0.465831	26.824000
12.230531	0.486698	26.870000
12.252116	0.490271	27.026000
12.274364	0.497125	27.072000
12.295613	0.496393	27.117000
12.316933	0.493052	27.163000
12.337901	0.492609	27.209000
12.359300	0.496102	27.255000
12.380417	0.502386	27.300000
12.401777	0.504140	27.346000
12.422844	0.500628	27.392000
12.499808	0.490829	27.438000
12.521922	0.472978	27.603000
12.542885	0.473477	27.648000
12.564496	0.471743	27.694000
12.586395	0.467323	27.740000
12.607145	0.456164	27.786000
12.627991	0.446248	27.832000
12.649206	0.437053	27.877000
12.670392	0.429626	27.923000
12.842145	0.398226	27.969000
12.864760	0.399956	28.337000
12.886003	0.400827	28.383000
12.907565	0.399743	28.429000
12.928709	0.404002	28.474000
12.950022	0.406330	28.520000
13.021405	0.406431	28.566000
13.042874	0.399663	28.722000
13.064718	0.397516	28.767000
13.086729	0.394935	28.813000
13.107561	0.392324	28.859000
13.128983	0.393120	28.905000
13.150061	0.394547	28.951000
13.171722	0.397405	28.997000
13.249745	0.375651	29.042000
13.270852	0.364211	29.208000
13.292005	0.361070	29.254000
13.313643	0.361853	29.300000
13.335016	0.361610	29.345000
13.356303	0.358418	29.391000
13.378283	0.349754	29.437000
13.399353	0.344206	29.483000
13.420357	0.340597	29.529000
13.441866	0.341143	29.574000
13.462129	0.344115	29.620000
13.634311	0.343838	29.666000
13.655671	0.357638	30.034000
13.677641	0.354867	30.080000
13.699172	0.351442	30.126000
13.770701	0.346937	30.172000
13.792077	0.350541	30.327000
13.813570	0.351240	30.373000
13.835259	0.350440	30.418000
13.856850	0.351059	30.464000
13.878855	0.352213	30.510000
13.900067	0.355028	30.556000
13.920961	0.356122	30.602000
13.941663	0.352496	30.647000
13.962643	0.350440	30.693000
14.039989	0.351906	30.739000
14.060968	0.385111	30.903000
14.082813	0.383201	30.949000
14.104040	0.379679	30.995000
14.125671	0.378484	31.040000
14.148059	0.382169	31.086000
14.168248	0.385891	31.132000
14.189570	0.389576	31.177000
14.210437	0.394273	31.223000
14.283022	0.417151	31.269000
14.304163	0.416818	31.425000
14.326250	0.411385	31.470000
14.347859	0.405746	31.516000
14.368817	0.411375	31.562000
14.390111	0.419106	31.608000
14.410935	0.424868	31.654000
14.432385	0.430190	31.699000
14.454065	0.434634	31.745000
14.475941	0.438228	31.791000
14.553477	0.448005	31.836000
14.574115	0.452360	32.003000
14.595648	0.448718	32.049000
14.617947	0.452591	32.094000
14.639091	0.458141	32.140000
14.659867	0.459889	32.186000
14.680909	0.456542	32.232000
14.702382	0.454163	32.277000
14.724094	0.454345	32.323000
14.797080	0.467435	32.369000
14.818341	0.470407	32.524000
14.839686	0.473438	32.571000
14.860901	0.473991	32.617000
14.881670	0.470705	32.662000
14.903165	0.464556	32.708000
14.924318	0.462288	32.754000
14.946007	0.461533	32.800000
14.968040	0.463882	32.846000
14.988962	0.465619	32.891000
15.066070	0.467172	32.937000
15.088023	0.473549	33.103000
15.109261	0.475347	33.149000
15.130578	0.476430	33.194000
15.151315	0.480312	33.241000
15.172622	0.480211	33.286000
15.194108	0.482554	33.332000
15.215546	0.483597	33.378000
15.236504	0.487782	33.424000
15.408830	0.498583	33.469000
15.430820	0.498441	33.837000
15.451813	0.500311	33.883000
15.472463	0.506213	33.929000
15.493972	0.510607	33.975000
15.515198	0.511298	34.020000
15.588111	0.502650	34.066000
15.610225	0.485120	34.221000
15.631528	0.479843	34.268000
15.652366	0.484439	34.313000
15.673601	0.484813	34.359000
15.694782	0.484107	34.405000
15.715921	0.474234	34.451000
15.737514	0.464446	34.497000
15.814065	0.449980	34.543000
15.835327	0.447574	34.708000
15.857227	0.447763	34.754000
15.879256	0.440406	34.800000
15.901089	0.433169	34.846000
15.922131	0.426637	34.891000
15.943235	0.427348	34.937000
15.964684	0.426042	34.983000
15.985949	0.427760	35.028000
16.007457	0.421909	35.074000
16.029292	0.416879	35.120000
16.200360	0.412010	35.166000
16.222791	0.410987	35.534000
16.243658	0.409732	35.580000
16.264781	0.408094	35.626000
16.336985	0.410855	35.671000
16.358604	0.411169	35.827000
16.379882	0.411088	35.873000
16.401553	0.414006	35.919000
16.422857	0.415302	35.965000
16.444119	0.414469	36.010000
16.465316	0.412549	36.056000
16.486951	0.410815	36.102000
16.508341	0.408406	36.148000
16.529463	0.404632	36.194000
16.606069	0.398730	36.239000
16.627187	0.384164	36.403000
16.648633	0.383010	36.449000
16.670543	0.383992	36.494000
16.691624	0.383010	36.540000
16.712959	0.384295	36.587000
16.734068	0.384970	36.632000
16.754915	0.383766	36.678000
16.776455	0.382989	36.724000
16.850366	0.382878	36.770000
16.872376	0.383232	36.926000
16.893373	0.382929	36.972000
16.914458	0.381265	37.018000
16.935860	0.383695	37.064000
16.957478	0.391472	37.110000
16.978227	0.398619	37.156000
16.999479	0.403054	37.201000
17.021848	0.402423	37.247000
17.043050	0.398467	37.293000
17.118711	0.397152	37.339000
17.140997	0.383282	37.503000
17.162186	0.382682	37.549000
17.183602	0.385520	37.595000
17.204220	0.386104	37.641000
17.225269	0.385298	37.687000
17.247215	0.385217	37.732000
17.268738	0.385580	37.778000
17.290717	0.382571	37.824000
17.363028	0.368176	37.870000
17.383973	0.359946	38.025000
17.404981	0.360617	38.071000
17.426741	0.360314	38.117000
17.448143	0.358388	38.162000
17.469292	0.346615	38.208000
17.491409	0.338063	38.254000
17.512732	0.333480	38.300000
17.533606	0.333869	38.346000
17.554982	0.340426	38.391000
17.632633	0.343828	38.437000
17.654457	0.328948	38.603000
17.675182	0.325768	38.649000
17.696409	0.326943	38.695000
17.717927	0.330124	38.741000
17.739281	0.329912	38.787000
17.760881	0.323159	38.832000
17.782450	0.316561	38.878000
17.803814	0.307295	38.924000
17.976458	0.295181	38.970000
17.997503	0.289796	39.338000
18.018742	0.284354	39.384000
18.039644	0.276577	39.430000
18.060720	0.267118	39.476000
18.082774	0.267476	39.522000
18.155672	0.267587	39.568000
18.176151	0.263949	39.723000
18.197151	0.260905	39.769000
18.218788	0.257175	39.815000
18.240949	0.258574	39.860000
18.262271	0.264040	39.906000
18.283544	0.265832	39.952000
18.305152	0.265832	39.997000
18.381631	0.257034	40.043000
18.403310	0.259255	40.208000
18.425314	0.264757	40.254000
18.446772	0.268376	40.300000
18.467617	0.269663	40.346000
18.488762	0.268639	40.392000
18.509907	0.269653	40.438000
18.530888	0.270647	40.484000
18.552905	0.273579	40.529000
18.574862	0.277087	40.575000
18.595592	0.275810	40.621000
18.767594	0.272706	40.666000
18.788680	0.267472	41.034000
18.809573	0.270637	41.080000
18.831079	0.275169	41.126000
18.904116	0.295807	41.172000
18.926079	0.296407	41.327000
18.947410	0.298870	41.373000
18.967919	0.301839	41.419000
18.988617	0.308834	41.465000
19.010180	0.317136	41.510000
19.031959	0.324631	41.556000
19.053111	0.334727	41.602000
19.075013	0.341530	41.648000
19.096289	0.345248	41.693000
19.172518	0.350430	41.739000
19.194355	0.360768	41.903000
19.215146	0.363806	41.949000
19.236099	0.368453	41.995000
19.257286	0.373605	42.040000
19.278632	0.382247	42.086000
19.300438	0.393018	42.132000
19.321963	0.402011	42.177000
19.343237	0.408064	42.223000
19.416203	0.413064	42.269000
19.436842	0.418673	42.425000
19.457941	0.425109	42.471000
19.479432	0.433440	42.517000
19.500704	0.437054	42.563000
19.522696	0.435608	42.608000
19.544411	0.432755	42.654000
19.565481	0.433990	42.700000
19.586305	0.439071	42.746000
19.607605	0.447452	42.791000
19.686201	0.455358	42.837000
19.707352	0.458543	43.003000
19.728752	0.460932	43.049000
19.750299	0.464833	43.095000
19.771492	0.473245	43.140000
19.793163	0.479893	43.186000
19.814502	0.486778	43.232000
19.836292	0.492009	43.278000
19.856682	0.493511	43.324000
19.929093	0.497126	43.369000
19.950301	0.502136	43.525000
19.971661	0.508808	43.571000
19.993903	0.512925	43.617000
20.015655	0.516831	43.663000
20.037032	0.522561	43.709000
20.058144	0.526564	43.754000
20.079108	0.532930	43.800000
20.100609	0.546871	43.846000
20.122130	0.555654	43.892000
20.199189	0.561154	43.938000
20.220255	0.560740	44.103000
20.241723	0.564197	44.149000
20.263338	0.566776	44.195000
20.284614	0.569936	44.241000
20.306746	0.574387	44.286000
20.327641	0.581625	44.332000
20.348682	0.582842	44.378000
20.370413	0.585305	44.424000
20.541894	0.605448	44.469000
20.562897	0.606139	44.838000
20.584518	0.612928	44.884000
20.606812	0.619126	44.929000
20.628372	0.625733	44.975000
20.649411	0.625773	45.021000
20.721954	0.621690	45.067000
20.742398	0.625278	45.222000
20.764067	0.630477	45.268000
20.785884	0.636186	45.314000
20.807465	0.640668	45.360000
20.828825	0.642621	45.405000
20.849907	0.646271	45.451000
20.871067	0.646972	45.497000
20.949615	0.654922	45.543000
20.970627	0.652141	45.709000
20.990773	0.649975	45.755000
21.012518	0.649284	45.801000
21.033639	0.652317	45.846000
21.055009	0.659636	45.892000
21.077072	0.665849	45.938000
21.098140	0.668262	45.984000
21.119546	0.666641	46.029000
21.140566	0.664431	46.075000
21.161598	0.663103	46.121000
21.332881	0.663204	46.167000
21.354769	0.654544	46.534000
21.375876	0.655376	46.580000
21.397524	0.657173	46.626000
21.470880	0.656249	46.672000
21.492017	0.653806	46.828000
21.512390	0.654190	46.874000
21.534380	0.658218	46.919000
21.555680	0.663215	46.965000
21.577373	0.667439	47.011000
21.599224	0.671446	47.057000
21.620609	0.671638	47.103000
21.641470	0.668696	47.148000
21.662922	0.669994	47.194000
21.739490	0.670937	47.240000
21.760777	0.693414	47.403000
21.781438	0.696275	47.449000
21.802657	0.694337	47.495000
21.824432	0.693913	47.541000
21.845619	0.690496	47.587000
21.868128	0.689795	47.632000
21.889229	0.692889	47.678000
21.910084	0.698420	47.724000
21.982393	0.708287	47.770000
22.004164	0.710852	47.925000
22.025554	0.716379	47.971000
22.046953	0.724131	48.017000
22.068687	0.731238	48.063000
22.090120	0.732667	48.109000
22.111770	0.735089	48.155000
22.132512	0.733509	48.201000
22.153236	0.732994	48.246000
22.174648	0.737900	48.292000
22.252539	0.742513	48.338000
22.273138	0.751301	48.503000
22.295032	0.752871	48.549000
22.316471	0.756490	48.594000
22.338106	0.758367	48.641000
22.359539	0.764590	48.686000
22.380605	0.771041	48.732000
22.401423	0.776591	48.778000
22.422808	0.777725	48.824000
22.495160	0.779760	48.869000
22.516902	0.784518	49.026000
22.538634	0.791036	49.071000
22.560096	0.793762	49.117000
22.581306	0.789348	49.163000
22.602326	0.782976	49.209000
22.623368	0.780316	49.255000
22.644731	0.788002	49.300000
22.666708	0.794268	49.346000
22.688702	0.797720	49.392000
22.765099	0.799438	49.438000
22.786829	0.804422	49.604000
22.808111	0.801494	49.649000
22.830394	0.795814	49.695000
22.851589	0.796121	49.741000
22.872515	0.802356	49.787000
22.893433	0.810799	49.833000
22.914624	0.816387	49.879000
22.936234	0.816539	49.925000
23.107948	0.806403	49.970000
23.130038	0.807175	50.339000
23.151519	0.806423	50.385000
23.172906	0.806660	50.430000
23.194225	0.799438	50.477000
23.214863	0.787202	50.522000
23.288004	0.787564	50.568000
23.309316	0.793243	50.724000
23.330557	0.794856	50.770000
23.352639	0.794806	50.816000
23.373740	0.796293	50.862000
23.394935	0.801182	50.907000
23.416542	0.809865	50.953000
23.438006	0.817926	50.999000
23.514654	0.838634	51.044000
23.535459	0.845751	51.209000
23.556831	0.851845	51.255000
23.578114	0.855358	51.301000
23.600269	0.862761	51.346000
23.622278	0.860095	51.392000
23.643623	0.851129	51.438000
23.664545	0.844944	51.484000
23.685064	0.840237	51.530000
23.706497	0.838604	51.575000
23.728030	0.837097	51.621000
23.899104	0.835510	51.667000
23.920694	0.829567	52.035000
23.942915	0.831427	52.080000
23.964056	0.830893	52.126000
24.036100	0.834839	52.172000
24.057923	0.835449	52.328000
24.079425	0.837329	52.374000
24.100316	0.837606	52.420000
24.122012	0.836704	52.466000
24.143173	0.840862	52.511000
24.164903	0.844627	52.557000
24.185674	0.845509	52.603000
24.206962	0.848548	52.649000
24.228966	0.840429	52.694000
24.304936	0.830404	52.740000
24.326071	0.832017	52.904000
24.347610	0.839954	52.949000
24.369473	0.846008	52.995000
24.391070	0.848211	53.041000
24.412606	0.846301	53.087000
24.433838	0.848326	53.132000
24.454621	0.853417	53.178000
24.476316	0.858880	53.223000
24.549003	0.864128	53.269000
24.570886	0.861598	53.426000
24.592238	0.865464	53.471000
24.613511	0.870272	53.517000
24.634076	0.872922	53.563000
24.655555	0.886812	53.608000
24.677100	0.892309	53.654000
24.698083	0.898696	53.700000
24.719316	0.895445	53.746000
24.741011	0.894880	53.792000
24.818439	0.895214	53.838000
24.839803	0.916442	54.003000
24.861608	0.918710	54.050000
24.883172	0.919803	54.095000
24.904580	0.915237	54.141000
24.925423	0.910237	54.187000
24.946595	0.905368	54.233000
24.967363	0.902712	54.279000
24.988981	0.900732	54.324000
25.093040	0.886268	54.370000
25.115483	0.893243	54.593000
25.136889	0.896091	54.639000
25.157502	0.899755	54.684000
25.178789	0.903822	54.730000
25.199504	0.905435	54.776000
25.220983	0.907224	54.822000
25.242692	0.903701	54.867000
25.264329	0.910314	54.913000
25.337372	0.906861	54.959000
25.358559	0.907375	55.115000
25.379834	0.905657	55.160000
25.401419	0.909865	55.206000
25.422512	0.916660	55.252000
25.444431	0.921387	55.298000
25.465659	0.923282	55.343000
25.486469	0.922762	55.389000
25.667269	0.938789	55.435000
25.688615	0.941390	55.822000
25.709775	0.949267	55.867000
25.731235	0.955249	55.913000
25.752590	0.955775	55.959000
25.773840	0.948567	56.005000
25.877851	0.942342	56.051000
25.899587	0.967799	56.274000
25.921541	0.969472	56.320000
25.943003	0.964603	56.366000
25.963950	0.959670	56.412000
25.985179	0.959740	56.458000
26.006113	0.959629	56.503000
26.080713	0.940327	56.549000
26.102085	0.946087	56.710000
26.123871	0.950154	56.755000
26.144861	0.954609	56.801000
26.166659	0.956207	56.847000
26.187521	0.956757	56.892000
26.208687	0.952080	56.938000
26.229638	0.953984	56.984000
26.251709	0.955431	57.029000
26.273295	0.955340	57.076000
26.295656	0.946817	57.121000
26.467341	0.945406	57.167000
26.488050	0.959730	57.535000
26.509045	0.959761	57.581000
26.530468	0.959538	57.627000
26.602785	0.960561	57.672000
26.624424	0.959308	57.828000
26.646283	0.965410	57.874000
26.667551	0.966061	57.920000
26.688761	0.968551	57.966000
26.709650	0.961182	58.011000
26.730768	0.956086	58.057000
26.752678	0.953546	58.103000
26.773788	0.956455	58.149000
26.795496	0.962841	58.194000
26.871625	0.967296	58.240000
26.893423	0.954379	58.404000
26.915148	0.958384	58.450000
26.936733	0.964887	58.495000
26.957302	0.966922	58.541000
26.977847	0.963905	58.587000
26.999297	0.960612	58.633000
27.020696	0.952770	58.679000
27.042119	0.945336	58.725000
27.115681	0.955350	58.770000
27.136626	0.951207	58.926000
27.157965	0.943879	58.972000
27.179252	0.940618	59.018000
27.200533	0.939333	59.064000
27.222200	0.935557	59.109000
27.244129	0.938441	59.155000
27.265141	0.942261	59.201000
27.287223	0.945592	59.247000
27.307846	0.946168	59.293000
27.385556	0.947826	59.338000
27.407375	0.943698	59.504000
27.428207	0.940558	59.550000
27.448799	0.935618	59.595000
27.469998	0.928683	59.641000
27.491601	0.921728	59.687000
27.513169	0.919178	59.733000
27.534322	0.918927	59.779000
27.555561	0.919248	59.824000
27.628223	0.924294	59.870000
27.649942	0.925953	60.026000
27.671162	0.928080	60.072000
27.692184	0.931002	60.118000
27.714185	0.931194	60.164000
27.735843	0.928472	60.209000
27.757472	0.927249	60.255000
27.778285	0.927651	60.301000
27.799243	0.929426	60.347000
27.820607	0.933860	60.392000
27.898350	0.934525	60.438000
27.919583	0.943790	60.604000
27.940690	0.940710	60.649000
27.961875	0.938487	60.696000
27.983264	0.934727	60.741000
28.005294	0.933049	60.787000
28.026416	0.932066	60.833000
28.048412	0.935801	60.879000
28.069301	0.938311	60.925000
28.240817	0.921679	60.971000
28.261960	0.913786	61.338000
28.283533	0.911589	61.384000
28.305235	0.912123	61.430000
28.326864	0.911801	61.476000
28.348854	0.911140	61.522000
28.421088	0.908907	61.568000
28.441897	0.904159	61.724000
28.463126	0.904966	61.770000
28.484256	0.905556	61.815000
28.505749	0.905738	61.861000
28.528061	0.904976	61.907000
28.549704	0.903599	61.953000
28.570887	0.904129	61.998000
28.648015	0.889267	62.044000
28.670044	0.891656	62.210000
28.690935	0.893243	62.255000
28.712514	0.892780	62.301000
28.733229	0.887840	62.347000
28.754485	0.881288	62.393000
28.775772	0.876128	62.439000
28.797418	0.877594	62.485000
28.819091	0.881055	62.530000
28.839804	0.884540	62.576000
28.861300	0.883883	62.622000
29.032766	0.878497	62.667000
29.054416	0.883495	63.035000
29.075698	0.876319	63.081000
29.097006	0.870649	63.127000
29.170281	0.892800	63.173000
29.191533	0.895591	63.328000
29.212920	0.890441	63.374000
29.233806	0.884034	63.420000
29.254795	0.878869	63.466000
29.276509	0.877273	63.512000
29.297650	0.877857	63.558000
29.319196	0.882130	63.603000
29.341111	0.874874	63.649000
29.362888	0.866321	63.695000
29.438557	0.861684	63.741000
29.460631	0.870346	63.904000
29.481580	0.868432	63.950000
29.502786	0.866874	63.996000
29.523974	0.865750	64.042000
29.545303	0.867333	64.088000
29.566336	0.868048	64.133000
29.588799	0.871270	64.179000
29.610341	0.873048	64.225000
29.682495	0.867868	64.271000
29.703426	0.866673	64.426000
29.724489	0.872998	64.472000
29.746102	0.881307	64.518000
29.767574	0.885052	64.564000
29.789120	0.884618	64.609000
29.810920	0.884024	64.655000
29.831975	0.883787	64.701000
29.852835	0.886307	64.747000
29.874245	0.889527	64.793000
29.951810	0.891646	64.838000
29.973410	0.892901	65.004000
29.994297	0.896927	65.050000
30.014889	0.898861	65.096000
30.036756	0.901371	65.141000
30.058241	0.902285	65.187000
30.080673	0.903490	65.233000
30.102134	0.905268	65.279000
30.122774	0.904341	65.325000
30.195139	0.908947	65.371000
30.216412	0.908529	65.526000
30.238139	0.908570	65.572000
30.259349	0.907013	65.618000
30.280963	0.905879	65.664000
30.302016	0.903470	65.709000
30.323093	0.904068	65.755000
30.344517	0.903338	65.801000
30.365083	0.905918	65.847000
30.387383	0.913307	65.893000
30.464382	0.922309	65.938000
30.485548	0.920211	66.104000
30.507101	0.914340	66.150000
30.528841	0.913846	66.196000
30.550516	0.917812	66.241000
30.572020	0.920626	66.287000
30.592637	0.927239	66.333000
30.613735	0.926214	66.379000
30.634984	0.921447	66.425000
30.807353	0.926895	66.470000
30.828617	0.926895	66.838000
30.850257	0.932258	66.884000
30.872253	0.935479	66.930000
30.893237	0.936684	66.976000
30.914529	0.937656	67.021000
30.986771	0.936350	67.067000
31.008400	0.942282	67.223000
31.029572	0.948235	67.269000
31.051642	0.954298	67.315000
31.072509	0.959327	67.360000
31.094455	0.962407	67.406000
31.115123	0.965170	67.452000
31.136258	0.968157	67.498000
31.214053	0.978128	67.544000
31.235050	0.981166	67.710000
31.256141	0.984503	67.756000
31.277623	0.983308	67.801000
31.298664	0.979815	67.847000
31.320208	0.975415	67.893000
31.342288	0.980838	67.939000
31.363883	0.989291	67.985000
31.385008	0.996135	68.030000
31.405923	0.999289	68.076000
31.427058	0.997190	68.122000
31.598966	0.991734	68.168000
31.621148	1.000193	68.536000
31.642229	1.002308	68.582000
31.663390	0.995650	68.628000
31.736926	1.000102	68.674000
31.757333	1.006558	68.830000
31.778152	1.012287	68.875000
31.799660	1.015541	68.921000
31.821431	1.020029	68.967000
31.843092	1.016612	69.013000
31.864911	1.012196	69.059000
31.886533	1.010838	69.104000
31.907800	1.013533	69.150000
31.929076	1.017778	69.196000
32.004904	1.021917	69.242000
32.025778	1.036311	69.404000
32.046767	1.042050	69.450000
32.068556	1.049348	69.496000
32.090261	1.053648	69.542000
32.111473	1.059009	69.588000
32.132515	1.060755	69.633000
32.154059	1.055981	69.679000
32.175386	1.052856	69.725000
32.247803	1.065172	69.771000
32.269305	1.065460	69.926000
32.290788	1.063996	69.972000
32.312628	1.064889	70.018000
32.334449	1.066409	70.064000
32.355068	1.069351	70.110000
32.376405	1.074277	70.155000
32.397569	1.079854	70.201000
32.418591	1.086239	70.247000
32.440723	1.089056	70.292000
32.517327	1.087062	70.338000
32.539033	1.078280	70.504000
32.560504	1.079753	70.550000
32.582452	1.080743	70.596000
32.603697	1.081050	70.642000
32.625418	1.078401	70.687000
32.646278	1.061483	70.733000
32.667358	1.066045	70.779000
32.688580	1.064444	70.824000
32.761039	1.069188	70.870000
32.782475	1.068800	71.026000
32.804408	1.061249	71.072000
32.826052	1.052165	71.118000
32.847005	1.047828	71.164000
32.868319	1.046925	71.210000
32.890067	1.048555	71.255000
32.911381	1.050817	71.301000
32.933528	1.050171	71.347000
32.954592	1.043600	71.393000
33.031527	1.039344	71.438000
33.053171	1.041348	71.604000
33.074439	1.035256	71.650000
33.095857	1.027806	71.696000
33.117098	1.022391	71.742000
33.138285	1.020488	71.788000
33.159722	1.023486	71.833000
33.180386	1.029225	71.879000
33.202684	1.033157	71.924000
33.374428	1.022770	71.970000
33.396238	1.021023	72.339000
33.417379	1.022624	72.384000
33.438804	1.027267	72.431000
33.459880	1.031436	72.476000
33.480998	1.030037	72.522000
33.553764	1.023885	72.568000
33.575600	1.016718	72.724000
33.596979	1.019065	72.770000
33.618724	1.018156	72.816000
33.639204	1.012691	72.861000
33.660141	1.006740	72.907000
33.681455	1.004721	72.953000
33.702535	1.007875	72.998000
33.780191	1.016849	73.044000
33.801820	1.015032	73.210000
33.823188	1.012589	73.255000
33.844583	1.012438	73.302000
33.866519	1.014527	73.348000
33.887664	1.018045	73.393000
33.909239	1.024077	73.439000
33.930311	1.028463	73.485000
33.951294	1.034560	73.531000
33.973134	1.032530	73.576000
33.994064	1.030068	73.622000
34.165632	1.029094	73.668000
34.187269	1.059973	74.036000
34.209293	1.062133	74.083000
34.230630	1.063885	74.129000
34.302870	1.078809	74.174000
34.324334	1.080137	74.330000
34.345636	1.080929	74.376000
34.366858	1.077144	74.422000
34.388913	1.070648	74.467000
34.410254	1.062699	74.513000
34.432033	1.055935	74.559000
34.452866	1.050049	74.605000
34.473385	1.050069	74.651000
34.495218	1.050079	74.697000
34.570934	1.049914	74.742000
34.592087	1.040294	74.904000
34.613624	1.036069	74.950000
34.635268	1.032955	74.996000
34.656947	1.031193	75.042000
34.678065	1.031234	75.087000
34.699259	1.030876	75.133000
34.720685	1.029195	75.179000
34.741711	1.029256	75.225000
34.814968	1.015915	75.271000
34.836667	1.011584	75.427000
34.858603	1.007002	75.472000
34.879494	1.005068	75.518000
34.900585	1.003599	75.564000
34.921964	1.004937	75.610000
34.942418	1.008495	75.656000
34.964439	1.011827	75.701000
34.986060	1.015082	75.747000
35.007554	1.014547	75.793000
35.084116	1.009883	75.838000
35.105634	1.019140	76.004000
35.127439	1.018278	76.050000
35.149287	1.015763	76.096000
35.169806	1.010247	76.142000
35.190724	1.011797	76.188000
35.213060	1.015355	76.234000
35.234136	1.019069	76.280000
35.256306	1.018883	76.326000
35.328946	1.020357	76.372000
35.350482	1.028039	76.528000
35.371650	1.034842	76.574000
35.392722	1.039516	76.619000
35.413421	1.042484	76.665000
35.435112	1.036876	76.711000
35.456929	1.033056	76.757000
35.478604	1.033939	76.803000
35.500218	1.038188	76.849000
35.521090	1.040560	76.895000
35.597986	1.037921	76.940000
35.618988	1.020902	77.104000
35.640475	1.021916	77.150000
35.661958	1.024137	77.196000
35.683683	1.026080	77.242000
35.704932	1.023496	77.288000
35.726868	1.015334	77.334000
35.748293	1.008086	77.380000
35.769584	1.002726	77.426000
35.940871	0.969514	77.471000
35.962765	0.966364	77.839000
35.983653	0.963602	77.885000
36.004210	0.960602	77.931000
36.026058	0.957579	77.977000
36.047633	0.955004	78.022000
36.120791	0.951178	78.068000
36.142366	0.968117	78.224000
36.163238	0.971383	78.270000
36.184268	0.971092	78.316000
36.205509	0.974170	78.362000
36.227076	0.978429	78.408000
36.248705	0.981721	78.454000
36.270188	0.985758	78.500000
36.346566	0.991559	78.545000
36.367918	0.997362	78.710000
36.390281	1.003242	78.756000
36.411625	1.015875	78.802000
36.433227	1.024097	78.848000
36.454230	1.031476	78.894000
36.474445	1.040102	78.939000
36.496351	1.043680	78.985000
36.517880	1.045901	79.031000
36.539347	1.048233	79.077000
36.561545	1.055137	79.123000
36.733635	1.062860	79.168000
36.754780	1.098433	79.537000
36.776190	1.100058	79.583000
36.796981	1.100614	79.628000
36.869129	1.110815	79.675000
36.891223	1.116473	79.830000
36.913094	1.120749	79.876000
36.934438	1.125392	79.922000
36.955445	1.131984	79.967000
36.976932	1.143976	80.013000
36.997300	1.153435	80.059000
37.018860	1.162535	80.105000
37.040017	1.165922	80.150000
37.061876	1.169146	80.196000
37.137116	1.172968	80.242000
37.159187	1.210105	80.405000
37.180731	1.217193	80.451000
37.202322	1.221768	80.497000
37.223217	1.228502	80.542000
37.244009	1.238068	80.588000
37.265207	1.247422	80.633000
37.286563	1.256776	80.679000
37.308338	1.267270	80.725000
37.381285	1.301507	80.771000
37.402307	1.307763	80.927000
37.423175	1.318037	80.972000
37.444451	1.327332	81.018000
37.466026	1.337371	81.064000
37.487970	1.343202	81.110000
37.509357	1.352576	81.155000
37.530763	1.355777	81.201000
37.551416	1.354955	81.247000
37.572818	1.353257	81.292000
37.650967	1.355687	81.338000
37.672138	1.383201	81.505000
37.693475	1.383140	81.551000
37.714367	1.382615	81.596000
37.736046	1.382055	81.642000
37.756810	1.385165	81.688000
37.778474	1.389072	81.734000
37.800368	1.394873	81.779000
37.821639	1.402372	81.825000
37.894113	1.416010	81.871000
37.915224	1.417578	82.027000
37.936476	1.418368	82.072000
37.958505	1.422083	82.118000
37.980218	1.431252	82.164000
38.001240	1.436956	82.210000
38.022708	1.443699	82.256000
38.043899	1.447176	82.301000
38.065297	1.448888	82.347000
38.087180	1.453572	82.393000
38.164264	1.457993	82.439000
38.185512	1.459971	82.605000
38.206715	1.455600	82.651000
38.227844	1.454515	82.697000
38.249454	1.457841	82.743000
38.271171	1.459027	82.789000
38.292474	1.461107	82.834000
38.314375	1.459482	82.880000
38.334848	1.452925	82.926000
38.506865	1.470228	82.971000
38.528298	1.463671	83.339000
38.549835	1.461683	83.385000
38.570830	1.462717	83.431000
38.592705	1.465619	83.477000
38.614668	1.465922	83.523000
38.686889	1.464318	83.569000
38.708014	1.472640	83.725000
38.729313	1.471600	83.770000
38.750423	1.470899	83.816000
38.772348	1.471640	83.862000
38.794476	1.471863	83.908000
38.814933	1.480620	83.954000
38.836462	1.485596	83.999000
38.913708	1.479060	84.045000
38.935233	1.477591	84.211000
38.956509	1.476425	84.256000
38.977415	1.473921	84.302000
38.998422	1.473341	84.348000
39.019909	1.476057	84.393000
39.040881	1.475764	84.439000
39.062840	1.473402	84.485000
39.084746	1.465220	84.531000
39.106221	1.458084	84.577000
39.127427	1.451981	84.623000
39.298841	1.451709	84.668000
39.319948	1.422084	85.037000
39.341135	1.418379	85.083000
39.362426	1.419321	85.129000
39.436540	1.402523	85.174000
39.457854	1.401899	85.330000
39.479299	1.402121	85.376000
39.500186	1.402402	85.422000
39.520862	1.397343	85.468000
39.542664	1.389242	85.513000
39.563794	1.386793	85.560000
39.585780	1.383698	85.606000
39.607240	1.383698	85.651000
39.627970	1.385699	85.697000
39.703959	1.387947	85.743000
39.725995	1.393850	85.905000
39.746841	1.394964	85.951000
39.767717	1.397452	85.997000
39.789080	1.398647	86.042000
39.810594	1.394681	86.088000
39.832676	1.400256	86.134000
39.854363	1.397951	86.180000
39.875250	1.394479	86.226000
39.947782	1.388017	86.271000
39.969008	1.390936	86.427000
39.989857	1.391320	86.473000
40.011728	1.393119	86.519000
40.033445	1.390417	86.565000
40.055132	1.392383	86.611000
40.076910	1.394590	86.657000
40.097371	1.396979	86.702000
40.117917	1.401646	86.748000
40.139600	1.403859	86.794000
40.216772	1.408864	86.840000
40.238228	1.412710	87.005000
40.259677	1.411998	87.051000
40.281083	1.413692	87.096000
40.303023	1.414715	87.142000
40.324544	1.412215	87.188000
40.345954	1.409498	87.234000
40.367272	1.410693	87.280000
40.388256	1.411535	87.325000
40.460526	1.418258	87.371000
40.482386	1.421332	87.527000
40.504068	1.429516	87.573000
40.525417	1.432080	87.619000
40.547138	1.433867	87.665000
40.567726	1.430126	87.711000
40.588947	1.429914	87.757000
40.610453	1.433877	87.803000
40.632228	1.440302	87.848000
40.653807	1.445415	87.894000
40.730043	1.447776	87.940000
40.751249	1.439636	88.105000
40.773097	1.437496	88.151000
40.794361	1.440761	88.197000
40.816424	1.443356	88.242000
40.837622	1.447766	88.288000
40.858752	1.450614	88.334000
40.880266	1.453106	88.379000
40.901545	1.453016	88.425000
41.072698	1.468961	88.471000
41.094192	1.466124	88.840000
41.115837	1.468052	88.885000
41.137669	1.470465	88.932000
41.158583	1.474407	88.977000
41.180189	1.475906	89.023000
41.252049	1.482962	89.069000
41.273666	1.506330	89.225000
41.294915	1.509481	89.271000
41.316847	1.510232	89.317000
41.338338	1.509319	89.362000
41.360074	1.514441	89.408000
41.380516	1.519661	89.454000
41.401907	1.525824	89.499000
41.480167	1.532496	89.545000
41.500839	1.536863	89.711000
41.521784	1.543314	89.757000
41.543340	1.553277	89.802000
41.564919	1.562766	89.848000
41.586483	1.568211	89.894000
41.608350	1.571396	89.940000
41.629268	1.568717	89.985000
41.650182	1.566601	90.031000
41.671008	1.568141	90.076000
41.692557	1.571740	90.122000
41.863921	1.577226	90.168000
41.885208	1.607292	90.536000
41.907294	1.618891	90.581000
41.928758	1.630934	90.627000
42.000671	1.640599	90.673000
42.022415	1.639637	90.828000
42.043452	1.646044	90.874000
42.064686	1.651180	90.920000
42.086814	1.661719	90.966000
42.108282	1.672192	91.012000
42.129841	1.682952	91.058000
42.150541	1.692347	91.103000
42.171432	1.701228	91.149000
42.192930	1.709771	91.195000
42.270572	1.713757	91.241000
42.291778	1.717608	91.405000
42.313361	1.716686	91.451000
42.334390	1.720813	91.497000
42.356238	1.721141	91.543000
42.378405	1.720451	91.589000
42.399485	1.720482	91.634000
42.420199	1.721605	91.680000
42.441444	1.725358	91.726000
42.513749	1.752519	91.772000
42.535539	1.759505	91.927000
42.557307	1.765033	91.973000
42.578694	1.766061	92.019000
42.599950	1.768197	92.065000
42.620603	1.771136	92.110000
42.642063	1.774352	92.156000
42.663342	1.771649	92.202000
42.684345	1.768046	92.248000
42.706719	1.772462	92.294000
42.782904	1.778374	92.340000
42.804149	1.787471	92.505000
42.826147	1.784438	92.551000
42.847972	1.788092	92.597000
42.869313	1.795026	92.642000
42.891022	1.806441	92.688000
42.911614	1.815594	92.734000
42.932801	1.820851	92.780000
42.954000	1.822932	92.825000
43.027357	1.848667	92.871000
43.049009	1.860212	93.027000
43.070746	1.869428	93.073000
43.091015	1.879715	93.119000
43.112267	1.884298	93.165000
43.133554	1.891843	93.210000
43.154749	1.903084	93.256000
43.177020	1.915460	93.302000
43.198595	1.921420	93.348000
43.220001	1.925246	93.393000
43.296670	1.930132	93.439000
43.318434	1.982847	93.605000
43.340074	1.999735	93.651000
43.361676	2.012580	93.697000
43.382241	2.026470	93.743000
43.403374	2.040452	93.788000
43.424750	2.055739	93.834000
43.446486	2.069572	93.880000
43.468077	2.082250	93.925000
43.639848	2.186410	93.971000
43.661335	2.196092	94.340000
43.682795	2.202669	94.386000
43.704258	2.210139	94.431000
43.725031	2.217316	94.477000
43.746210	2.225985	94.523000
43.819479	2.230591	94.569000
43.841228	2.263498	94.725000
43.862791	2.269430	94.771000
43.884028	2.270635	94.817000
43.905066	2.269208	94.863000
43.925938	2.270473	94.909000
43.947225	2.275922	94.954000
43.968427	2.280144	95.000000
44.045911	2.293846	95.046000
44.067152	2.298611	95.211000
44.088539	2.306873	95.257000
44.110855	2.316543	95.302000
44.132273	2.326562	95.349000
44.153379	2.335066	95.394000
44.174862	2.340397	95.440000
44.195927	2.346327	95.486000
44.216603	2.358249	95.532000
44.238608	2.368521	95.577000
44.260498	2.376944	95.623000
44.431340	2.385520	95.669000
44.452700	2.449147	96.037000
44.474882	2.459130	96.083000
44.495869	2.468164	96.129000
44.568467	2.504936	96.175000
44.589823	2.519291	96.331000
44.611263	2.537078	96.377000
44.633077	2.551007	96.423000
44.655520	2.564052	96.468000
44.675924	2.582034	96.514000
44.697234	2.595467	96.560000
44.717921	2.609799	96.606000
44.739497	2.628059	96.651000
44.761049	2.644127	96.697000
44.835786	2.660274	96.743000
44.857764	2.706657	96.905000
44.879297	2.725127	96.951000
44.901053	2.748687	96.997000
44.922697	2.766873	97.043000
44.943769	2.781126	97.089000
44.964929	2.795950	97.135000
44.985851	2.812980	97.180000
45.007192	2.827546	97.226000
45.080035	2.906704	97.272000
45.101737	2.928937	97.428000
45.123366	2.946505	97.473000
45.143896	2.959347	97.519000
45.164872	2.969754	97.565000
45.186374	2.989244	97.611000
45.208007	3.004681	97.657000
45.229517	3.014521	97.703000
45.251326	3.025321	97.748000
45.272675	3.037647	97.794000
45.349786	3.057330	97.840000
45.370704	3.144865	98.005000
45.392325	3.160143	98.051000
45.413950	3.173261	98.097000
45.434684	3.179414	98.143000
45.456010	3.187949	98.189000
45.477373	3.200092	98.235000
45.498676	3.220665	98.280000
45.520631	3.242672	98.326000
45.593171	3.324745	98.372000
45.614385	3.345681	98.528000
45.635334	3.368591	98.573000
45.656774	3.392930	98.619000
45.678211	3.415207	98.665000
45.699994	3.440231	98.711000
45.721419	3.459620	98.757000
45.742868	3.467280	98.802000
45.763732	3.471544	98.848000
45.784911	3.477719	98.894000
45.863171	3.478202	98.940000
45.884101	3.512258	99.105000
45.905534	3.527231	99.151000
45.926514	3.540371	99.197000
45.948193	3.559170	99.243000
45.969115	3.578936	99.289000
45.991143	3.605708	99.334000
46.012603	3.633261	99.380000
46.033805	3.663187	99.426000
46.205581	3.807444	99.471000
46.226691	3.831440	99.840000
46.247498	3.850491	99.886000
46.268865	3.869002	99.932000
46.290341	3.889799	99.977000
46.312323	3.916155	100.023000
46.384936	3.934522	100.069000
46.406288	3.989821	100.224000
46.427168	4.019602	100.270000
46.448293	4.048335	100.316000
46.470214	4.079609	100.361000
46.491663	4.106026	100.407000
46.513653	4.137598	100.453000
46.534821	4.164888	100.499000
46.611793	4.240599	100.544000
46.633818	4.250635	100.711000
46.655263	4.267760	100.757000
46.676661	4.288768	100.803000
46.698152	4.301716	100.849000
46.718951	4.315570	100.894000
46.740142	4.334878	100.940000
46.761214	4.348541	100.986000
46.783038	4.369840	101.032000
46.804729	4.392042	101.077000
46.826266	4.409333	101.123000
46.997706	4.421052	101.169000
47.019020	4.588251	101.536000
47.039935	4.614447	101.582000
47.061479	4.642065	101.628000
47.133926	4.689557	101.674000
47.155371	4.711848	101.830000
47.177096	4.742403	101.876000
47.197964	4.775105	101.922000
47.219213	4.809180	101.967000
47.240070	4.837934	102.013000
47.261549	4.858024	102.059000
47.283412	4.881389	102.105000
47.305298	4.918677	102.150000
47.326777	4.962633	102.196000
47.402740	5.006774	102.242000
47.424584	5.110716	102.405000
47.445775	5.147223	102.451000
47.466828	5.191579	102.497000
47.487842	5.238562	102.543000
47.508906	5.282304	102.589000
47.530885	5.317000	102.635000
47.552099	5.346370	102.680000
47.574319	5.372106	102.726000
47.646494	5.413863	102.772000
47.667335	5.451132	102.928000
47.688791	5.496053	102.974000
47.710182	5.541776	103.019000
47.731215	5.575363	103.065000
47.752798	5.602665	103.111000
47.774984	5.634391	103.157000
47.796010	5.671137	103.203000
47.817320	5.714780	103.249000
47.838188	5.758825	103.294000
47.917063	5.790395	103.340000
47.938138	5.894346	103.505000
47.959030	5.942410	103.551000
47.980520	5.986136	103.597000
48.001627	6.015918	103.643000
48.023279	6.039854	103.689000
48.045369	6.060188	103.735000
48.066698	6.086589	103.780000
48.087432	6.119041	103.826000
48.159702	6.217093	103.872000
48.180928	6.259254	104.028000
48.202184	6.301682	104.074000
48.223902	6.341859	104.119000
48.245822	6.376437	104.165000
48.267198	6.401254	104.211000
48.288093	6.424993	104.256000
48.309211	6.454220	104.303000
48.330951	6.497048	104.349000
48.352158	6.545382	104.395000
48.429349	6.595678	104.441000
48.450917	6.779132	104.606000
48.471739	6.832757	104.651000
48.493126	6.885012	104.697000
48.515439	6.936984	104.743000
48.536330	6.987530	104.789000
48.557556	7.037265	104.835000
48.579142	7.089504	104.880000
48.600022	7.143446	104.926000
48.771970	7.417314	104.972000
48.792911	7.464820	105.340000
48.814882	7.511185	105.386000
48.836688	7.559397	105.431000
48.858643	7.607311	105.477000
48.879531	7.652787	105.523000
48.951371	7.708835	105.569000
48.972397	7.926936	105.724000
48.994414	7.988105	105.770000
49.015589	8.042384	105.816000
49.037376	8.099387	105.862000
49.058267	8.162802	105.908000
49.079374	8.219652	105.954000
49.100572	8.254419	105.999000
49.179113	8.326564	106.045000
49.200115	8.380228	106.211000
49.221422	8.444480	106.257000
49.242236	8.509889	106.303000
49.263469	8.574507	106.349000
49.285498	8.626934	106.394000
49.306823	8.665988	106.441000
49.328464	8.700844	106.486000
49.349701	8.741769	106.532000
49.370550	8.792319	106.578000
49.392067	8.828084	106.624000
49.564169	8.848258	106.669000
49.585099	9.441721	107.038000
49.606440	9.522245	107.084000
49.628072	9.590557	107.130000
49.701346	9.797279	107.176000
49.722460	9.836266	107.331000
49.744150	9.834854	107.377000
49.764872	9.836079	107.422000
49.786198	9.860207	107.468000
49.807251	9.895990	107.514000
49.829091	9.959948	107.559000
49.850720	10.038522	107.605000
49.872107	10.107404	107.651000
49.893086	10.167105	107.697000
49.969283	10.222845	107.743000
49.990520	10.436126	107.906000
50.011757	10.467415	107.952000
50.033225	10.495268	107.997000
50.054585	10.526369	108.043000
50.075668	10.556744	108.089000
50.097693	10.599556	108.134000
50.118945	10.657665	108.180000
50.140129	10.720328	108.226000
50.212557	10.973782	108.272000
50.233486	11.039515	108.428000
50.255761	11.109944	108.474000
50.277397	11.164905	108.520000
50.298853	11.213268	108.565000
50.319814	11.253437	108.611000
50.340955	11.306230	108.657000
50.361992	11.363095	108.703000
50.383579	11.436926	108.748000
50.405119	11.530842	108.794000
50.482219	11.647508	108.840000
50.503863	12.062717	109.006000
50.524336	12.168613	109.052000
50.545792	12.260014	109.097000
50.567621	12.306334	109.143000
50.589561	12.323744	109.189000
50.610848	12.356813	109.235000
50.631797	12.398458	109.280000
50.653487	12.457312	109.326000
50.726284	12.663138	109.371000
50.747809	12.728595	109.528000
50.768858	12.816428	109.574000
50.790460	12.922437	109.620000
50.811763	13.026317	109.666000
50.833115	13.116072	109.711000
50.854314	13.182818	109.757000
50.875597	13.256685	109.803000
50.897268	13.323797	109.848000
50.918985	13.394341	109.894000
50.995570	13.475531	109.939000
51.016915	13.762414	110.106000
51.038751	13.841558	110.151000
51.060745	13.911479	110.198000
51.082247	13.971053	110.243000
51.102854	14.018034	110.289000
51.123430	14.058646	110.335000
51.144971	14.110470	110.381000
51.166439	14.189638	110.426000
51.338417	14.946268	110.472000
51.359551	15.035877	110.840000
51.381656	15.120230	110.886000
51.402720	15.213268	110.932000
51.424115	15.306720	110.978000
51.445621	15.399196	111.024000
51.517864	15.493032	111.070000
51.539236	15.749751	111.226000
51.561172	15.820838	111.272000
51.582694	15.899794	111.317000
51.604203	15.984368	111.363000
51.625598	16.074445	111.409000
51.647020	16.165995	111.455000
51.667892	16.260201	111.501000
51.745049	16.690966	111.547000
51.765925	16.830173	111.712000
51.787204	16.958835	111.757000
51.809094	17.081969	111.803000
51.830458	17.202377	111.849000
51.851956	17.329219	111.894000
51.873681	17.437734	111.940000
51.894892	17.544071	111.986000
51.915906	17.668392	112.032000
51.936678	17.802280	112.077000
51.957654	17.938194	112.123000
52.129844	18.076933	112.169000
52.152218	19.182516	112.537000
52.173486	19.283720	112.583000
52.194569	19.392969	112.629000
52.267048	19.921640	112.675000
52.288165	20.063205	112.830000
52.309368	20.200063	112.876000
