Sample	2mm tape 
date	08/01/2026
	
Temperature (K)	77.00
Angle (deg.)	90.000000
field / T	0.200000
	
		
Approx. trace time (s)	90.0	
		
Current / A	V1  -sample/ uV	time/s
-0.018807	0.267703	0.000000
-0.018430	0.271806	0.068000
-0.018257	0.273093	0.113000
-0.018789	0.271736	0.159000
-0.018627	0.267365	0.205000
-0.018293	0.258048	0.251000
-0.018992	0.249270	0.297000
-0.019230	0.244677	0.342000
-0.013336	0.198285	0.388000
0.005125	0.192526	0.780000
0.042743	0.184062	0.826000
0.067034	0.173034	0.872000
0.091536	0.164609	0.918000
0.118386	0.161758	0.963000
0.209211	0.159935	1.009000
0.236408	0.150013	1.168000
0.262854	0.143835	1.214000
0.290038	0.140337	1.260000
0.317201	0.141699	1.306000
0.342781	0.141584	1.352000
0.368901	0.144768	1.397000
0.394961	0.143532	1.443000
0.499064	0.153061	1.489000
0.525755	0.152364	1.668000
0.551105	0.153601	1.714000
0.576984	0.157735	1.760000
0.603839	0.159113	1.805000
0.631563	0.161344	1.851000
0.658348	0.165215	1.897000
0.684417	0.165674	1.943000
0.710060	0.174705	1.989000
0.737394	0.185980	2.034000
0.762848	0.194162	2.080000
0.975647	0.200294	2.126000
1.001894	0.258274	2.494000
1.029273	0.265825	2.541000
1.055775	0.276894	2.586000
1.145284	0.325445	2.632000
1.170812	0.329523	2.788000
1.197258	0.334580	2.834000
1.224079	0.346100	2.879000
1.250515	0.362270	2.925000
1.277702	0.372699	2.971000
1.305018	0.385218	3.017000
1.330072	0.392113	3.062000
1.356703	0.397072	3.108000
1.382925	0.400626	3.154000
1.480533	0.408654	3.200000
1.507724	0.432534	3.368000
1.532922	0.435766	3.414000
1.559342	0.440987	3.460000
1.585943	0.446869	3.505000
1.611929	0.457784	3.551000
1.638745	0.467916	3.597000
1.666122	0.475712	3.643000
1.768218	0.464232	3.688000
1.794808	0.470315	3.868000
1.822655	0.475162	3.914000
1.849292	0.475546	3.960000
1.875113	0.475722	4.005000
1.901647	0.481654	4.051000
1.927714	0.486055	4.097000
1.954364	0.490610	4.143000
1.980891	0.492749	4.189000
2.008059	0.492098	4.234000
2.033932	0.489135	4.280000
2.123110	0.485470	4.326000
2.149600	0.471579	4.481000
2.175979	0.468207	4.527000
2.203059	0.465295	4.573000
2.229413	0.458863	4.619000
2.255568	0.453380	4.665000
2.283030	0.451424	4.710000
2.309512	0.453843	4.756000
2.404954	0.457507	4.802000
2.432474	0.448062	4.968000
2.457599	0.438699	5.014000
2.483899	0.435342	5.060000
2.510125	0.435816	5.106000
2.536566	0.432433	5.151000
2.563603	0.427131	5.197000
2.590250	0.423902	5.243000
2.617042	0.420801	5.289000
2.644025	0.420741	5.334000
2.669536	0.426159	5.380000
2.759223	0.438094	5.426000
2.785730	0.451343	5.582000
2.812928	0.453359	5.628000
2.840131	0.456963	5.674000
2.866056	0.464513	5.720000
2.893224	0.471257	5.766000
2.918663	0.476731	5.812000
2.944922	0.480082	5.857000
3.162944	0.568687	5.903000
3.189125	0.580204	6.280000
3.215481	0.593999	6.326000
3.241871	0.613088	6.372000
3.268003	0.630405	6.417000
3.294756	0.646759	6.464000
3.386448	0.659745	6.509000
3.413811	0.687765	6.668000
3.440105	0.696078	6.714000
3.466474	0.704658	6.760000
3.492637	0.714723	6.806000
3.518488	0.725448	6.851000
3.544588	0.732878	6.897000
3.571774	0.733236	6.943000
3.675594	0.735049	6.989000
3.702080	0.736855	7.168000
3.728969	0.737249	7.214000
3.755192	0.729698	7.260000
3.781848	0.722541	7.306000
3.808408	0.714228	7.351000
3.834300	0.706915	7.397000
3.859995	0.703397	7.443000
3.885808	0.701514	7.489000
3.913702	0.696598	7.534000
3.940636	0.688346	7.580000
4.152698	0.680659	7.625000
4.180288	0.627741	7.994000
4.206343	0.607006	8.039000
4.232891	0.599435	8.085000
4.321941	0.576005	8.131000
4.348653	0.571271	8.287000
4.375691	0.567864	8.333000
4.402746	0.562849	8.379000
4.429444	0.555018	8.425000
4.455344	0.545356	8.470000
4.480875	0.537413	8.516000
4.507373	0.531279	8.561000
4.533918	0.526703	8.607000
4.559997	0.524076	8.653000
4.659262	0.520730	8.699000
4.685258	0.501830	8.868000
4.712031	0.494551	8.914000
4.738161	0.485723	8.960000
4.764909	0.478364	9.006000
4.791311	0.470788	9.051000
4.818221	0.463696	9.097000
4.844369	0.458441	9.142000
4.947980	0.448765	9.188000
4.974077	0.444560	9.368000
5.000840	0.437620	9.414000
5.026321	0.436557	9.460000
5.052614	0.430736	9.505000
5.079467	0.426380	9.551000
5.105926	0.416644	9.596000
5.132810	0.400484	9.642000
5.158916	0.381160	9.688000
5.185389	0.362689	9.734000
5.211390	0.354655	9.779000
5.301497	0.353016	9.825000
5.328028	0.320165	9.981000
5.355179	0.305648	10.027000
5.381599	0.293389	10.073000
5.407913	0.285515	10.119000
5.434226	0.278549	10.165000
5.460469	0.268390	10.211000
5.486769	0.256083	10.256000
5.583667	0.207003	10.302000
5.609564	0.195620	10.468000
5.636067	0.187095	10.514000
5.662930	0.179449	10.560000
5.689344	0.172301	10.606000
5.716211	0.166699	10.652000
5.742828	0.160097	10.697000
5.768635	0.155211	10.743000
5.794599	0.148967	10.789000
5.821214	0.142780	10.834000
5.847052	0.137298	10.880000
5.937709	0.132634	10.925000
5.964104	0.130056	11.081000
5.991159	0.125953	11.127000
6.017185	0.120142	11.173000
6.043379	0.124265	11.219000
6.069605	0.125872	11.264000
6.095706	0.130968	11.310000
6.122971	0.140887	11.356000
6.342003	0.223406	11.402000
6.368008	0.231527	11.781000
6.394547	0.236130	11.826000
6.420629	0.242446	11.872000
6.446799	0.248568	11.918000
6.474068	0.257754	11.964000
6.565987	0.267823	12.009000
6.592858	0.294963	12.168000
6.618975	0.297709	12.214000
6.644942	0.298153	12.260000
6.670975	0.297608	12.305000
6.697324	0.300394	12.351000
6.724607	0.304104	12.397000
6.751636	0.306925	12.443000
6.854463	0.304573	12.489000
6.881380	0.303236	12.668000
6.907554	0.297639	12.714000
6.933750	0.288058	12.759000
6.960414	0.282552	12.805000
6.986204	0.280534	12.851000
7.012707	0.277686	12.896000
7.039160	0.274441	12.942000
7.065771	0.266486	12.988000
7.092577	0.256952	13.034000
7.118731	0.251541	13.079000
7.332034	0.251632	13.125000
7.358302	0.249553	13.494000
7.383476	0.251500	13.540000
7.410099	0.253681	13.585000
7.500086	0.260146	13.631000
7.527270	0.259591	13.787000
7.554183	0.260096	13.833000
7.580298	0.260237	13.879000
7.605918	0.258047	13.924000
7.632091	0.257037	13.970000
7.658498	0.253832	14.016000
7.685141	0.250719	14.061000
7.712084	0.245833	14.107000
7.738570	0.242844	14.153000
7.835137	0.237640	14.199000
7.861987	0.238128	14.368000
7.888278	0.238442	14.414000
7.915290	0.242995	14.460000
7.942129	0.247800	14.506000
7.968391	0.253620	14.552000
7.994413	0.258203	14.597000
8.020577	0.257583	14.643000
8.125144	0.252117	14.689000
8.151232	0.265420	14.868000
8.178078	0.279634	14.914000
8.203544	0.292610	14.960000
8.230576	0.302595	15.006000
8.257693	0.309580	15.051000
8.284149	0.317353	15.098000
8.310314	0.331213	15.143000
8.336172	0.342383	15.189000
8.362764	0.349875	15.234000
8.388409	0.354746	15.280000
8.480014	0.353410	15.326000
8.506245	0.379053	15.481000
8.532528	0.390675	15.527000
8.558424	0.398766	15.573000
8.584880	0.399117	15.619000
8.611236	0.397359	15.665000
8.638029	0.400706	15.711000
8.664122	0.410903	15.757000
8.760091	0.421733	15.802000
8.786236	0.421662	15.968000
8.812742	0.421733	16.014000
8.839455	0.424334	16.060000
8.866658	0.431758	16.106000
8.892670	0.441058	16.152000
8.919056	0.448239	16.198000
8.945129	0.451726	16.243000
8.971281	0.454847	16.289000
8.998018	0.452064	16.335000
9.024099	0.460058	16.381000
9.115396	0.465747	16.426000
9.141152	0.470295	16.583000
9.167478	0.469070	16.629000
9.193647	0.467053	16.675000
9.220315	0.469161	16.720000
9.246720	0.470355	16.766000
9.273639	0.466942	16.812000
9.300333	0.468807	16.858000
9.517655	0.473635	16.904000
9.544023	0.472914	17.281000
9.570893	0.470767	17.327000
9.597277	0.470747	17.372000
9.624421	0.473797	17.418000
9.650796	0.477158	17.464000
9.741851	0.480368	17.510000
9.768338	0.480833	17.668000
9.794512	0.483141	17.715000
9.820809	0.487798	17.760000
9.847151	0.491764	17.806000
9.874235	0.491351	17.851000
9.900709	0.485227	17.897000
9.927094	0.478534	17.943000
10.030958	0.473747	17.989000
10.057456	0.478151	18.169000
10.083179	0.480172	18.214000
10.109389	0.477601	18.260000
10.135515	0.469563	18.306000
10.162523	0.464050	18.352000
10.188609	0.459574	18.398000
10.215335	0.455350	18.444000
10.241877	0.452034	18.489000
10.268355	0.444888	18.535000
10.294517	0.440059	18.581000
10.507536	0.432142	18.626000
10.533845	0.355134	18.995000
10.559655	0.350637	19.041000
10.586551	0.344024	19.087000
10.676969	0.321048	19.132000
10.703253	0.319343	19.288000
10.729657	0.320124	19.334000
10.755857	0.322971	19.380000
10.782231	0.329063	19.426000
10.808740	0.335777	19.472000
10.835769	0.343428	19.518000
10.863419	0.347915	19.564000
10.889439	0.350868	19.610000
10.915712	0.357421	19.655000
11.010718	0.366025	19.701000
11.037930	0.402107	19.868000
11.064429	0.415136	19.914000
11.091023	0.428467	19.960000
11.117182	0.441809	20.006000
11.142644	0.453742	20.052000
11.169707	0.461751	20.098000
11.196148	0.467865	20.143000
11.299840	0.475621	20.189000
11.326528	0.478817	20.369000
11.353281	0.483534	20.415000
11.379330	0.485913	20.460000
11.406478	0.486543	20.506000
11.432703	0.484678	20.551000
11.458863	0.479029	20.598000
11.484512	0.473474	20.643000
11.510958	0.467623	20.689000
11.537885	0.462552	20.735000
11.564600	0.456913	20.781000
11.656018	0.452044	20.827000
11.681887	0.435827	20.983000
11.707358	0.429339	21.028000
11.734184	0.424550	21.075000
11.760187	0.419944	21.120000
11.787392	0.415469	21.166000
11.814129	0.413201	21.212000
11.840044	0.411043	21.258000
11.935207	0.403675	21.304000
11.961880	0.401506	21.469000
11.988799	0.399587	21.515000
12.015192	0.396205	21.560000
12.041638	0.393104	21.606000
12.067514	0.390515	21.651000
12.093592	0.386341	21.697000
12.119956	0.379472	21.743000
12.147738	0.372173	21.789000
12.174406	0.367860	21.835000
12.200896	0.365642	21.881000
12.289907	0.366564	21.926000
12.316327	0.364276	22.082000
12.342623	0.365188	22.128000
12.369674	0.366888	22.173000
12.396942	0.367951	22.219000
12.422077	0.365812	22.264000
12.448603	0.364688	22.310000
12.474223	0.369497	22.356000
12.693126	0.458772	22.402000
12.720412	0.468686	22.781000
12.747503	0.480051	22.827000
12.773894	0.496403	22.873000
12.799936	0.511154	22.919000
12.825594	0.522298	22.964000
12.917230	0.531642	23.010000
12.943747	0.549378	23.169000
12.970413	0.550714	23.214000
12.996962	0.553002	23.260000
13.023601	0.556242	23.306000
13.050550	0.556838	23.351000
13.076363	0.552790	23.398000
13.103000	0.545235	23.443000
13.207133	0.511406	23.489000
13.233321	0.503759	23.669000
13.259627	0.498468	23.715000
13.285811	0.494314	23.761000
13.312681	0.490559	23.806000
13.339600	0.486452	23.852000
13.365837	0.481573	23.898000
13.392144	0.478232	23.944000
13.418080	0.474931	23.989000
13.444690	0.471649	24.035000
13.470641	0.469482	24.081000
13.683818	0.468929	24.127000
13.709949	0.473555	24.495000
13.737385	0.475843	24.541000
13.764313	0.481876	24.587000
13.853366	0.499582	24.633000
13.879320	0.506088	24.789000
13.905844	0.513437	24.834000
13.932295	0.521759	24.880000
13.958934	0.528190	24.926000
13.985857	0.534142	24.972000
14.012520	0.538739	25.018000
14.038888	0.536410	25.064000
14.065340	0.533209	25.109000
14.091326	0.529716	25.155000
14.188657	0.528038	25.201000
14.215221	0.528028	25.369000
14.241351	0.526365	25.415000
14.267430	0.524293	25.460000
14.293257	0.520574	25.506000
14.320323	0.514828	25.552000
14.347132	0.507701	25.598000
14.373673	0.501059	25.643000
14.476896	0.484306	25.689000
14.503870	0.480702	25.869000
14.530516	0.476015	25.914000
14.557710	0.470234	25.960000
14.583132	0.462193	26.006000
14.609693	0.455829	26.052000
14.635868	0.450980	26.098000
14.662105	0.447849	26.144000
14.689051	0.446687	26.189000
14.715477	0.443663	26.235000
14.741902	0.440623	26.281000
14.830231	0.435523	26.327000
14.857893	0.429389	26.482000
14.883630	0.429813	26.528000
14.911201	0.433961	26.574000
14.937734	0.437565	26.619000
14.964138	0.439268	26.665000
14.989960	0.442458	26.711000
15.015397	0.442711	26.756000
15.112720	0.441425	26.802000
15.139192	0.442680	26.969000
15.165101	0.445745	27.015000
15.191436	0.450890	27.060000
15.217600	0.457597	27.106000
15.243838	0.459342	27.152000
15.270874	0.462274	27.198000
15.298105	0.463027	27.244000
15.324557	0.466560	27.289000
15.350418	0.470414	27.335000
15.376046	0.471588	27.381000
15.466068	0.471015	27.427000
15.493067	0.470495	27.583000
15.520072	0.478010	27.629000
15.546892	0.487157	27.675000
15.573268	0.492147	27.721000
15.599032	0.495077	27.766000
15.625560	0.497807	27.812000
15.651996	0.497506	27.858000
15.870488	0.531844	27.904000
15.897010	0.527056	28.281000
15.923079	0.528372	28.327000
15.948887	0.538415	28.373000
15.975350	0.550164	28.418000
16.001757	0.549791	28.464000
16.094141	0.534524	28.509000
16.120995	0.534636	28.669000
16.147858	0.524097	28.715000
16.173698	0.508115	28.761000
16.199653	0.496532	28.806000
16.226109	0.496950	28.852000
16.252227	0.494173	28.898000
16.278560	0.481795	28.944000
16.382663	0.466881	28.989000
16.408969	0.462905	29.169000
16.435613	0.457034	29.215000
16.462771	0.455799	29.261000
16.489861	0.454392	29.307000
16.515694	0.448011	29.353000
16.541885	0.443986	29.398000
16.568238	0.444898	29.444000
16.594321	0.449125	29.490000
16.620935	0.452527	29.535000
16.647227	0.452306	29.581000
16.860336	0.451868	29.627000
16.887556	0.515333	29.996000
16.914466	0.519960	30.041000
16.940516	0.526102	30.087000
17.029354	0.557548	30.133000
17.056135	0.559987	30.288000
17.083252	0.569914	30.335000
17.109455	0.581522	30.380000
17.136713	0.591566	30.426000
17.162540	0.598673	30.472000
17.188917	0.604972	30.518000
17.215117	0.607006	30.564000
17.241091	0.609429	30.610000
17.268006	0.613507	30.655000
17.364797	0.624698	30.701000
17.390704	0.657818	30.869000
17.417390	0.664571	30.915000
17.444098	0.670572	30.961000
17.470369	0.678408	31.006000
17.497675	0.689208	31.052000
17.523583	0.701433	31.098000
17.550543	0.711053	31.144000
17.653902	0.745623	31.190000
17.680614	0.749903	31.369000
17.706169	0.748378	31.415000
17.732183	0.744376	31.461000
17.758643	0.744083	31.506000
17.785368	0.745986	31.552000
17.812571	0.752042	31.598000
17.839631	0.754798	31.644000
17.866165	0.758235	31.690000
17.892086	0.759815	31.735000
17.918075	0.759593	31.781000
18.008974	0.758276	31.827000
18.035223	0.761255	31.983000
18.061746	0.766019	32.029000
18.088943	0.763606	32.075000
18.114696	0.760548	32.121000
18.140695	0.758791	32.166000
18.166592	0.757615	32.212000
18.193306	0.758064	32.258000
18.289555	0.761572	32.304000
18.315897	0.756308	32.469000
18.341883	0.749312	32.515000
18.368590	0.746475	32.560000
18.394780	0.746223	32.606000
18.421754	0.749771	32.652000
18.447640	0.753269	32.698000
18.473961	0.755651	32.743000
18.500358	0.760861	32.789000
18.525982	0.769935	32.835000
18.552972	0.782190	32.881000
18.643992	0.789620	32.926000
18.670441	0.807588	33.082000
18.696219	0.807790	33.128000
18.722323	0.810880	33.174000
18.748570	0.818602	33.220000
18.775307	0.823279	33.265000
18.802514	0.835925	33.311000
18.829008	0.837960	33.357000
19.047374	0.956664	33.403000
19.073436	0.970287	33.781000
19.099533	0.981345	33.827000
19.126504	0.991778	33.873000
19.152921	1.005490	33.919000
19.179524	1.020829	33.965000
19.270767	1.031262	34.010000
19.298598	1.089494	34.169000
19.323915	1.099790	34.215000
19.349937	1.104324	34.261000
19.376260	1.109352	34.307000
19.403297	1.117058	34.352000
19.430064	1.125856	34.398000
19.456272	1.130196	34.444000
19.559472	1.148342	34.490000
19.586188	1.148231	34.669000
19.613358	1.149325	34.715000
19.639428	1.151607	34.761000
19.665667	1.155398	34.807000
19.692227	1.159138	34.852000
19.718670	1.156992	34.899000
19.745022	1.146222	34.944000
19.772152	1.136036	34.990000
19.799123	1.135804	35.036000
19.825109	1.138621	35.082000
20.037948	1.143567	35.127000
20.064389	1.116235	35.495000
20.090292	1.100168	35.541000
20.117011	1.091052	35.587000
20.207282	1.070404	35.633000
20.234330	1.060905	35.789000
20.260978	1.051119	35.835000
20.286370	1.037607	35.881000
20.312555	1.027295	35.927000
20.338851	1.014117	35.973000
20.365507	1.001291	36.018000
20.391700	0.991315	36.064000
20.418771	0.984138	36.110000
20.445529	0.977342	36.155000
20.541549	0.968529	36.201000
20.568260	0.921131	36.369000
20.595058	0.917396	36.415000
20.622292	0.911646	36.461000
20.648992	0.901418	36.506000
20.674741	0.887286	36.552000
20.701307	0.874421	36.598000
20.727313	0.861679	36.644000
20.831482	0.815990	36.689000
20.857056	0.798133	36.869000
20.883793	0.780810	36.915000
20.910656	0.767366	36.961000
20.937210	0.760537	37.007000
20.964559	0.751008	37.052000
20.990566	0.733579	37.099000
21.016647	0.719548	37.144000
21.042345	0.711926	37.190000
21.068716	0.706107	37.236000
21.094675	0.701918	37.282000
21.186392	0.694720	37.328000
21.212472	0.665227	37.483000
21.238532	0.655253	37.529000
21.265298	0.645613	37.575000
21.291227	0.635730	37.621000
21.317437	0.628387	37.667000
21.343661	0.625075	37.713000
21.371068	0.618908	37.759000
21.465609	0.610963	37.804000
21.492200	0.610272	37.969000
21.518825	0.602479	38.015000
21.546041	0.598017	38.061000
21.572384	0.595371	38.107000
21.598458	0.595796	38.153000
21.624814	0.596432	38.198000
21.651674	0.594923	38.244000
21.678272	0.591834	38.290000
21.704545	0.591783	38.336000
21.731841	0.590057	38.382000
21.821330	0.580447	38.427000
21.847275	0.533552	38.583000
21.873631	0.517530	38.629000
21.900474	0.502984	38.675000
21.926430	0.501140	38.721000
21.953689	0.502153	38.767000
21.980139	0.498105	38.813000
22.007222	0.487017	38.858000
22.224274	0.459835	38.904000
22.251158	0.462612	39.282000
22.277201	0.466469	39.327000
22.304114	0.468075	39.373000
22.330791	0.469330	39.419000
22.356811	0.472934	39.465000
22.447960	0.468858	39.510000
22.474529	0.460809	39.669000
22.500161	0.460878	39.715000
22.526691	0.458948	39.761000
22.553998	0.454473	39.807000
22.580943	0.450571	39.853000
22.607509	0.441627	39.898000
22.633197	0.432696	39.944000
22.737244	0.408039	39.990000
22.763835	0.403987	40.169000
22.789246	0.396941	40.215000
22.815950	0.396559	40.261000
22.842573	0.396931	40.307000
22.868985	0.401527	40.353000
22.895886	0.403352	40.399000
22.922623	0.401759	40.444000
22.949315	0.398968	40.490000
22.974340	0.398857	40.535000
23.000562	0.396347	40.581000
23.213086	0.388498	40.627000
23.239638	0.366936	40.996000
23.266398	0.367496	41.042000
23.293901	0.364397	41.087000
23.383721	0.365521	41.133000
23.410536	0.367698	41.289000
23.436270	0.365248	41.335000
23.462829	0.361226	41.381000
23.489487	0.359377	41.427000
23.516008	0.363943	41.473000
23.543123	0.365289	41.518000
23.569503	0.363892	41.564000
23.596274	0.362582	41.610000
23.622134	0.359144	41.656000
23.718458	0.357643	41.702000
23.745523	0.364448	41.869000
23.772033	0.365984	41.915000
23.797761	0.366372	41.961000
23.824392	0.366594	42.007000
23.850291	0.368903	42.053000
23.877208	0.373499	42.098000
23.904073	0.373580	42.144000
24.007227	0.408019	42.190000
24.033426	0.415620	42.370000
24.060627	0.420206	42.416000
24.087610	0.420458	42.461000
24.113858	0.420217	42.507000
24.139415	0.415922	42.553000
24.164982	0.413090	42.599000
24.191813	0.412550	42.644000
24.218240	0.416195	42.690000
24.245297	0.421703	42.736000
24.271442	0.427837	42.782000
24.362804	0.434106	42.827000
24.388797	0.454664	42.984000
24.415248	0.470072	43.029000
24.441208	0.488473	43.075000
24.467991	0.503256	43.121000
24.494656	0.514777	43.167000
24.521375	0.527670	43.213000
24.548127	0.537905	43.259000
24.643070	0.566935	43.305000
24.670142	0.573845	43.470000
24.697002	0.579200	43.515000
24.722154	0.585009	43.561000
24.748043	0.588069	43.607000
24.774447	0.590400	43.653000
24.801090	0.591586	43.699000
24.828070	0.594953	43.744000
24.854322	0.598421	43.790000
24.881608	0.599132	43.836000
24.907640	0.601055	43.882000
24.997071	0.600894	43.928000
25.023485	0.595715	44.083000
25.050721	0.593201	44.129000
25.077394	0.588871	44.175000
25.104056	0.585555	44.221000
25.130406	0.587230	44.267000
25.156426	0.587857	44.313000
25.182667	0.590552	44.358000
25.401488	0.617792	44.404000
25.428092	0.622072	44.782000
25.454785	0.622465	44.827000
25.481085	0.619619	44.873000
25.506704	0.622627	44.919000
25.532868	0.623848	44.965000
25.624272	0.627608	45.010000
25.651550	0.649898	45.169000
25.678360	0.657797	45.215000
25.705231	0.658201	45.261000
25.731744	0.657676	45.307000
25.757599	0.656277	45.353000
25.783548	0.656934	45.399000
25.810329	0.656893	45.444000
25.913948	0.657302	45.490000
25.940060	0.659054	45.670000
25.966499	0.661597	45.716000
25.992859	0.665504	45.761000
26.019853	0.668634	45.807000
26.046566	0.667306	45.853000
26.072974	0.663374	45.899000
26.099288	0.660462	45.945000
26.125074	0.661102	45.991000
26.150890	0.664172	46.037000
26.177540	0.663536	46.082000
26.390499	0.659805	46.128000
26.417877	0.662552	46.496000
26.444577	0.659815	46.542000
26.471367	0.654572	46.588000
26.560457	0.650903	46.634000
26.586880	0.651176	46.789000
26.613091	0.652129	46.835000
26.639395	0.651075	46.881000
26.666955	0.648848	46.927000
26.693778	0.648338	46.973000
26.720058	0.646526	47.019000
26.745972	0.642630	47.064000
26.772263	0.638213	47.110000
26.798490	0.636841	47.156000
26.895949	0.636396	47.201000
26.922085	0.616853	47.369000
26.948108	0.612321	47.415000
26.974399	0.610393	47.461000
27.001397	0.606743	47.507000
27.027913	0.602019	47.553000
27.054964	0.595392	47.599000
27.080886	0.593101	47.644000
27.184275	0.575460	47.690000
27.211084	0.568757	47.870000
27.237529	0.563699	47.915000
27.264008	0.564634	47.961000
27.290681	0.565910	48.007000
27.316330	0.567763	48.053000
27.343263	0.569520	48.099000
27.369959	0.568414	48.145000
27.396851	0.569540	48.191000
27.423246	0.572013	48.236000
27.448857	0.574829	48.282000
27.538592	0.577458	48.328000
27.565413	0.595695	48.484000
27.591859	0.598704	48.530000
27.618770	0.601055	48.576000
27.646037	0.606875	48.621000
27.672284	0.613396	48.667000
27.698041	0.618857	48.713000
27.723813	0.623919	48.759000
27.820434	0.627629	48.804000
27.846247	0.626937	48.970000
27.872724	0.624576	49.016000
27.898387	0.621219	49.061000
27.925431	0.618605	49.107000
27.951839	0.616272	49.153000
27.979109	0.612836	49.199000
28.005742	0.612674	49.245000
28.031587	0.607384	49.290000
28.057644	0.598360	49.336000
28.084105	0.593918	49.381000
28.174482	0.590738	49.428000
28.201484	0.582404	49.584000
28.228608	0.577771	49.630000
28.254490	0.570644	49.675000
28.280560	0.563639	49.721000
28.306862	0.555441	49.767000
28.333422	0.550964	49.813000
28.359892	0.552169	49.859000
28.578684	0.515302	49.905000
28.604917	0.526093	50.282000
28.631169	0.529988	50.328000
28.657297	0.525436	50.374000
28.683776	0.516959	50.420000
28.710516	0.516001	50.466000
28.802247	0.520351	50.512000
28.828748	0.509802	50.670000
28.855317	0.503205	50.715000
28.881299	0.497736	50.761000
28.906902	0.495690	50.807000
28.933329	0.497344	50.853000
28.959434	0.499153	50.899000
28.987073	0.503759	50.944000
29.090500	0.518876	50.990000
29.117394	0.518155	51.170000
29.144388	0.525211	51.216000
29.171386	0.537504	51.262000
29.197169	0.549610	51.307000
29.223583	0.554549	51.353000
29.249578	0.555169	51.399000
29.276146	0.557901	51.445000
29.302202	0.561746	51.491000
29.329248	0.569974	51.536000
29.356117	0.575894	51.582000
29.569083	0.580537	51.628000
29.595708	0.678957	51.996000
29.621799	0.691192	52.042000
29.647374	0.702720	52.088000
29.737535	0.744639	52.134000
29.764118	0.762168	52.290000
29.790609	0.780296	52.335000
29.817660	0.796132	52.381000
29.843999	0.806646	52.427000
29.870321	0.818067	52.473000
29.895993	0.832990	52.519000
29.922589	0.841716	52.565000
29.949568	0.846765	52.611000
29.976341	0.850208	52.657000
30.072263	0.852587	52.702000
30.098911	0.859684	52.870000
30.124687	0.864411	52.916000
30.152159	0.867530	52.961000
30.178785	0.864078	53.007000
30.205487	0.857365	53.053000
30.231633	0.851614	53.099000
30.257252	0.847017	53.144000
30.361791	0.828788	53.190000
30.388117	0.821469	53.370000
30.414357	0.818858	53.416000
30.440224	0.811343	53.462000
30.466999	0.806606	53.507000
30.493768	0.806333	53.553000
30.520675	0.806727	53.599000
30.547120	0.804928	53.645000
30.573610	0.801344	53.691000
30.599177	0.793682	53.736000
30.626160	0.784811	53.782000
30.715647	0.779000	53.828000
30.742666	0.755020	53.984000
30.769642	0.760587	54.029000
30.796438	0.766306	54.076000
30.822140	0.770500	54.122000
30.848058	0.774766	54.167000
30.874583	0.781339	54.213000
30.901049	0.786757	54.259000
30.996577	0.796908	54.305000
31.023012	0.813551	54.470000
31.049422	0.826529	54.516000
31.076007	0.835042	54.561000
31.102933	0.843701	54.607000
31.129432	0.846585	54.653000
31.155707	0.851523	54.699000
31.181065	0.856881	54.744000
31.207184	0.860697	54.790000
31.234207	0.864935	54.836000
31.260486	0.869663	54.882000
31.351028	0.872379	54.927000
31.378043	0.904030	55.084000
31.404263	0.908295	55.130000
31.430074	0.911278	55.176000
31.456797	0.908153	55.221000
31.483093	0.907850	55.267000
31.510443	0.907911	55.313000
31.536532	0.911127	55.358000
31.753922	0.900396	55.404000
31.780267	0.903879	55.782000
31.806665	0.903929	55.828000
31.833457	0.899700	55.874000
31.861035	0.898027	55.920000
31.888063	0.897916	55.966000
31.979493	0.893677	56.011000
32.004841	0.891339	56.170000
32.031014	0.895901	56.216000
32.057349	0.897534	56.261000
32.084076	0.898637	56.307000
32.110674	0.909358	56.353000
32.137497	0.924094	56.399000
32.164660	0.935647	56.445000
32.267711	0.957359	56.491000
32.294103	0.964985	56.670000
32.320646	0.970428	56.716000
32.346685	0.979380	56.761000
32.372509	0.988401	56.807000
32.399056	0.997208	56.853000
32.425675	1.000196	56.898000
32.452644	1.001508	56.944000
32.479090	1.005348	56.990000
32.505656	1.011138	57.036000
32.531515	1.017563	57.081000
32.744093	1.020279	57.127000
32.770047	1.072640	57.495000
32.797020	1.067724	57.541000
32.823832	1.066865	57.587000
32.914846	1.089796	57.633000
32.940939	1.090790	57.789000
32.967309	1.093223	57.834000
32.993244	1.098664	57.881000
33.019710	1.107140	57.927000
33.046394	1.118234	57.972000
33.072453	1.131716	58.018000
33.099733	1.144349	58.064000
33.126218	1.154353	58.110000
33.152891	1.163257	58.155000
33.249357	1.174134	58.201000
33.276552	1.201910	58.370000
33.302826	1.207177	58.416000
33.329365	1.212101	58.461000
33.356264	1.216911	58.507000
33.382169	1.217063	58.553000
33.408108	1.218977	58.599000
33.434482	1.220010	58.645000
33.537821	1.243941	58.690000
33.563971	1.243810	58.870000
33.590544	1.237661	58.916000
33.617659	1.232349	58.962000
33.644398	1.227682	59.007000
33.670956	1.225442	59.053000
33.697421	1.220503	59.099000
33.723407	1.217426	59.145000
33.749776	1.214429	59.191000
33.775447	1.213184	59.236000
33.802804	1.212636	59.282000
33.892523	1.209113	59.328000
33.919174	1.189058	59.483000
33.945155	1.181513	59.529000
33.971725	1.174023	59.575000
33.997994	1.162838	59.621000
34.024498	1.154772	59.666000
34.051705	1.149558	59.712000
34.078402	1.144783	59.758000
34.173488	1.114267	59.804000
34.200058	1.104505	59.970000
34.226796	1.096372	60.016000
34.253438	1.087373	60.061000
34.279685	1.079726	60.107000
34.305709	1.073826	60.153000
34.332209	1.070727	60.199000
34.358640	1.070339	60.245000
34.385075	1.065544	60.291000
34.412021	1.052345	60.336000
34.438844	1.039156	60.382000
34.527089	1.032407	60.428000
34.553946	1.009311	60.583000
34.580193	1.003950	60.629000
34.606693	1.000341	60.675000
34.633335	0.992024	60.721000
34.660324	0.985190	60.767000
34.687327	0.979792	60.812000
34.713524	0.979913	60.858000
34.931527	0.932274	60.904000
34.957646	0.923021	61.283000
34.985230	0.915270	61.329000
35.011619	0.904101	61.374000
35.038361	0.895286	61.420000
35.063859	0.887589	61.466000
35.154988	0.879769	61.512000
35.181174	0.857934	61.670000
35.208277	0.855960	61.716000
35.235184	0.852416	61.762000
35.262134	0.848100	61.807000
35.287989	0.846545	61.853000
35.313921	0.840198	61.899000
35.340271	0.825864	61.945000
35.444977	0.813581	61.990000
35.470970	0.809977	62.170000
35.496775	0.809747	62.216000
35.523022	0.813939	62.262000
35.550125	0.821510	62.308000
35.577029	0.829039	62.353000
35.604294	0.834781	62.399000
35.630199	0.835011	62.445000
35.656322	0.834610	62.490000
35.682780	0.836655	62.536000
35.708074	0.848161	62.582000
35.921928	0.857546	62.628000
35.948386	0.882927	62.997000
35.975236	0.889544	63.042000
36.001740	0.894706	63.088000
36.092535	0.909166	63.134000
36.117829	0.919613	63.290000
36.144133	0.933529	63.336000
36.170411	0.943736	63.382000
36.197069	0.958212	63.428000
36.223557	0.971170	63.474000
36.250707	0.979451	63.519000
36.277122	0.989450	63.565000
36.303600	1.002154	63.611000
36.329919	1.020869	63.657000
36.426750	1.037505	63.703000
36.453028	1.086823	63.870000
36.479251	1.099184	63.916000
36.505778	1.111461	63.962000
36.531952	1.120606	64.008000
36.558733	1.120243	64.054000
36.584903	1.116468	64.099000
36.612586	1.111784	64.145000
36.714926	1.088569	64.191000
36.741764	1.080054	64.370000
36.768798	1.074336	64.416000
36.795498	1.069591	64.462000
36.821580	1.062434	64.508000
36.847465	1.052355	64.553000
36.873678	1.044390	64.599000
36.900550	1.042159	64.645000
36.927039	1.041024	64.691000
36.953666	1.038287	64.737000
36.981023	1.036087	64.783000
37.069963	1.037889	64.828000
37.096010	1.057377	64.984000
37.122645	1.063287	65.030000
37.149364	1.066508	65.076000
37.175265	1.068799	65.122000
37.202960	1.073962	65.168000
37.229122	1.080590	65.213000
37.255457	1.085934	65.259000
37.351120	1.097357	65.305000
37.377812	1.092653	65.471000
37.403974	1.092360	65.516000
37.429956	1.091033	65.562000
37.455511	1.090962	65.608000
37.483191	1.090770	65.654000
37.509145	1.089347	65.699000
37.535615	1.087686	65.745000
37.562841	1.087939	65.791000
37.589134	1.088882	65.836000
37.614947	1.088327	65.882000
37.704597	1.088215	65.928000
37.731678	1.080994	66.084000
37.757701	1.075502	66.130000
37.784728	1.068779	66.176000
37.810978	1.066467	66.222000
37.837471	1.066710	66.267000
37.862800	1.068527	66.313000
37.889392	1.066083	66.359000
38.108808	1.018163	66.404000
38.135793	1.017715	66.783000
38.161993	1.019915	66.829000
38.188236	1.024710	66.874000
38.214006	1.024579	66.920000
38.240722	1.023261	66.966000
38.331955	1.023584	67.012000
38.358344	1.052476	67.170000
38.385390	1.063923	67.216000
38.412059	1.080447	67.262000
38.438198	1.100733	67.307000
38.464249	1.118759	67.354000
38.491003	1.131079	67.399000
38.517422	1.137979	67.445000
38.621114	1.184404	67.491000
38.647403	1.192340	67.671000
38.673827	1.199628	67.716000
38.700415	1.212373	67.762000
38.727776	1.226346	67.808000
38.754046	1.240529	67.854000
38.780454	1.255639	67.900000
38.806693	1.273572	67.946000
38.832974	1.290980	67.992000
38.859202	1.306498	68.037000
38.886270	1.317450	68.083000
39.097923	1.326280	68.129000
39.124761	1.352166	68.497000
39.151430	1.350674	68.543000
39.177796	1.350739	68.588000
39.267854	1.360578	68.634000
39.294316	1.357679	68.790000
39.320758	1.350421	68.836000
39.347670	1.347782	68.882000
39.374335	1.340794	68.928000
39.400593	1.331490	68.974000
39.427055	1.331470	69.020000
39.452852	1.333134	69.065000
39.479207	1.331662	69.111000
39.505837	1.323381	69.157000
39.603875	1.315257	69.203000
39.629403	1.298656	69.370000
39.655772	1.293631	69.416000
39.682204	1.292285	69.462000
39.708523	1.285678	69.508000
39.735719	1.280532	69.554000
39.761912	1.273132	69.599000
39.788158	1.267271	69.645000
39.892642	1.279645	69.691000
39.918981	1.279978	69.871000
39.945535	1.278269	69.916000
39.971251	1.274857	69.962000
39.997621	1.270875	70.008000
40.024025	1.265281	70.053000
40.050376	1.260967	70.100000
40.077951	1.260685	70.145000
40.103795	1.267660	70.191000
40.130195	1.270382	70.236000
40.156081	1.268627	70.282000
40.245458	1.271172	70.328000
40.272174	1.296742	70.483000
40.299711	1.296308	70.529000
40.326196	1.306751	70.575000
40.353038	1.315469	70.621000
40.379277	1.321915	70.667000
40.404836	1.323921	70.713000
40.431463	1.325005	70.759000
40.528083	1.321269	70.804000
40.554187	1.328980	70.971000
40.579766	1.330563	71.016000
40.606231	1.331602	71.062000
40.632812	1.331929	71.108000
40.659900	1.321148	71.154000
40.686208	1.326300	71.199000
40.713035	1.329853	71.245000
40.738932	1.332202	71.291000
40.765014	1.334348	71.337000
40.791230	1.334571	71.382000
40.882183	1.335614	71.428000
40.908794	1.349065	71.584000
40.935114	1.347040	71.629000
40.961226	1.344357	71.675000
40.987208	1.340260	71.721000
41.013981	1.338546	71.766000
41.039970	1.338658	71.813000
41.066601	1.338698	71.859000
41.285372	1.337021	71.904000
41.311964	1.333387	72.283000
41.338276	1.336617	72.329000
41.364834	1.340433	72.375000
41.391081	1.345322	72.420000
41.417647	1.343264	72.467000
41.509137	1.335523	72.512000
41.535995	1.327181	72.670000
41.562234	1.326976	72.716000
41.588538	1.328150	72.762000
41.614616	1.330876	72.808000
41.641031	1.329611	72.854000
41.667950	1.331149	72.900000
41.694320	1.338537	72.946000
41.797286	1.353077	72.991000
41.824278	1.359545	73.171000
41.850867	1.367206	73.216000
41.876852	1.369892	73.262000
41.903702	1.368798	73.308000
41.929507	1.365849	73.353000
41.956322	1.370245	73.399000
41.982039	1.376076	73.445000
42.009015	1.377714	73.490000
42.036076	1.383133	73.536000
42.062584	1.389997	73.582000
42.274993	1.394684	73.628000
42.301955	1.413897	73.996000
42.327391	1.415474	74.042000
42.354556	1.414748	74.088000
42.444233	1.419940	74.134000
42.471494	1.415655	74.290000
42.498090	1.402556	74.335000
42.524625	1.395652	74.381000
42.550426	1.394704	74.427000
42.576050	1.396503	74.473000
42.602531	1.393661	74.519000
42.629055	1.388112	74.564000
42.656734	1.384830	74.611000
42.683369	1.383304	74.657000
42.779754	1.379852	74.702000
42.805624	1.358300	74.870000
42.832390	1.355109	74.916000
42.859843	1.348380	74.962000
42.886739	1.336880	75.008000
42.911971	1.326118	75.054000
42.938498	1.326240	75.100000
42.965102	1.324813	75.145000
43.069063	1.323851	75.191000
43.094937	1.323709	75.371000
43.121261	1.319788	75.416000
43.148065	1.317565	75.462000
43.174849	1.322056	75.508000
43.201587	1.328039	75.554000
43.227915	1.332243	75.599000
43.254738	1.333900	75.645000
43.280696	1.334147	75.691000
43.306855	1.337892	75.737000
43.333497	1.340805	75.783000
43.423240	1.338396	75.829000
43.450651	1.327323	75.985000
43.477112	1.333286	76.031000
43.503432	1.339006	76.077000
43.529072	1.339620	76.123000
43.555595	1.342060	76.168000
43.582372	1.348245	76.214000
43.609018	1.354258	76.260000
43.704543	1.348491	76.306000
43.730252	1.353823	76.471000
43.757320	1.363179	76.517000
43.784128	1.364907	76.563000
43.811331	1.364907	76.609000
43.837328	1.365538	76.654000
43.862887	1.366852	76.700000
43.889664	1.371440	76.746000
43.915592	1.377981	76.792000
43.942353	1.381459	76.838000
43.968723	1.387729	76.884000
44.059549	1.394104	76.929000
44.085957	1.399411	77.085000
44.111858	1.404169	77.131000
44.138066	1.410898	77.176000
44.164240	1.418655	77.222000
44.191036	1.423069	77.268000
44.217755	1.427066	77.314000
44.244605	1.433118	77.360000
44.462032	1.486766	77.405000
44.488751	1.488896	77.784000
44.514894	1.490365	77.830000
44.542070	1.488320	77.876000
44.568912	1.484414	77.921000
44.595413	1.484080	77.967000
44.685854	1.485570	78.013000
44.712040	1.483410	78.171000
44.738452	1.480037	78.216000
44.764794	1.477105	78.262000
44.791652	1.475990	78.308000
44.818509	1.477247	78.354000
44.845090	1.482905	78.400000
44.872013	1.490223	78.446000
44.975386	1.507702	78.492000
45.002490	1.512154	78.671000
45.027834	1.512103	78.717000
45.053896	1.510447	78.763000
45.080319	1.509312	78.808000
45.106800	1.508096	78.854000
45.133377	1.507904	78.900000
45.159616	1.511089	78.946000
45.186432	1.513612	78.992000
45.213135	1.515101	79.038000
45.239255	1.516216	79.084000
45.451918	1.513370	79.129000
45.477631	1.480512	79.497000
45.503655	1.475444	79.543000
45.530520	1.473335	79.589000
45.621722	1.464829	79.635000
45.648465	1.463926	79.791000
45.674366	1.458491	79.837000
45.700616	1.455583	79.883000
45.726486	1.453483	79.928000
45.752468	1.453952	79.974000
45.779556	1.461403	80.019000
45.806310	1.470180	80.065000
45.832791	1.476030	80.111000
45.858807	1.477928	80.157000
45.955945	1.481017	80.203000
45.983206	1.495952	80.371000
46.009403	1.498394	80.416000
46.035949	1.504719	80.462000
46.062107	1.512800	80.508000
46.088339	1.517989	80.553000
46.114681	1.517585	80.599000
46.140936	1.505258	80.645000
46.244858	1.493257	80.690000
46.271144	1.490455	80.871000
46.297532	1.485015	80.917000
46.324693	1.478922	80.963000
46.351993	1.474370	81.009000
46.378170	1.477948	81.055000
46.404467	1.479003	81.100000
46.430621	1.479740	81.146000
46.456661	1.476303	81.192000
46.483142	1.472633	81.238000
46.510310	1.468227	81.284000
46.600622	1.467121	81.329000
46.626980	1.472910	81.485000
46.652500	1.480442	81.531000
46.678447	1.486847	81.577000
46.705516	1.490052	81.623000
46.732097	1.490274	81.668000
46.759085	1.487498	81.714000
46.785643	1.486888	81.760000
46.881102	1.498384	81.806000
46.907722	1.497804	81.971000
46.934572	1.495422	82.017000
46.960738	1.488824	82.062000
46.986930	1.482314	82.108000
47.012935	1.476040	82.154000
47.039201	1.469382	82.200000
47.065598	1.464138	82.246000
47.091671	1.460337	82.291000
47.118540	1.457092	82.337000
47.144549	1.457072	82.383000
47.234338	1.454306	82.428000
47.260692	1.438044	82.584000
47.286900	1.436201	82.630000
47.314276	1.436383	82.676000
47.340950	1.438411	82.722000
47.367269	1.439991	82.767000
47.393885	1.440193	82.813000
47.419643	1.438377	82.859000
47.638249	1.441930	82.905000
47.665111	1.445211	83.284000
47.692310	1.447443	83.329000
47.718369	1.447941	83.375000
47.744519	1.442627	83.421000
47.770716	1.436868	83.467000
47.862529	1.437721	83.513000
47.888972	1.435218	83.671000
47.915718	1.438523	83.717000
47.942322	1.439648	83.763000
47.969137	1.442627	83.808000
47.995768	1.449032	83.854000
48.021442	1.455523	83.900000
48.047835	1.461090	83.946000
48.151915	1.468105	83.992000
48.177939	1.475107	84.171000
48.204151	1.481027	84.217000
48.230502	1.483389	84.263000
48.257340	1.483521	84.309000
48.284931	1.490092	84.355000
48.310790	1.500211	84.401000
48.337521	1.508399	84.446000
48.363679	1.513204	84.492000
48.389568	1.516369	84.538000
48.416053	1.518559	84.584000
48.628954	1.525106	84.630000
48.654698	1.556547	84.997000
48.682220	1.555856	85.043000
48.708881	1.558858	85.089000
48.798459	1.566591	85.135000
48.824444	1.564148	85.291000
48.850787	1.567974	85.337000
48.877698	1.574611	85.383000
48.903718	1.577714	85.428000
48.931110	1.578189	85.474000
48.957514	1.574793	85.520000
48.984172	1.577256	85.566000
49.009765	1.581364	85.612000
49.035951	1.587436	85.657000
49.133511	1.592292	85.703000
49.159293	1.615121	85.871000
49.185732	1.625069	85.917000
49.211767	1.632680	85.962000
49.238218	1.636299	86.008000
49.263969	1.643711	86.054000
49.291629	1.655132	86.100000
49.318783	1.669113	86.145000
49.421687	1.709207	86.191000
49.448948	1.721683	86.371000
49.475356	1.733658	86.417000
49.501645	1.743902	86.463000
49.527826	1.754723	86.509000
49.554127	1.762103	86.554000
49.580043	1.767772	86.600000
49.606417	1.774788	86.646000
49.633681	1.782792	86.692000
49.660543	1.792877	86.738000
49.686908	1.800703	86.783000
49.776747	1.803285	86.829000
49.803536	1.812332	86.985000
49.829494	1.811505	87.031000
49.856359	1.809469	87.077000
49.883390	1.804833	87.123000
49.909694	1.801611	87.169000
49.936298	1.800265	87.215000
49.962126	1.798396	87.260000
50.058430	1.782227	87.306000
50.084466	1.781516	87.471000
50.111197	1.781763	87.517000
50.137163	1.787786	87.563000
50.163371	1.795915	87.609000
50.189487	1.803950	87.654000
50.216529	1.808556	87.700000
50.243498	1.814369	87.746000
50.270179	1.818112	87.792000
50.295607	1.819186	87.837000
50.322004	1.813223	87.883000
50.411996	1.806410	87.929000
50.438373	1.777801	88.085000
50.465408	1.777993	88.131000
50.492031	1.780393	88.177000
50.518370	1.784566	88.223000
50.543875	1.789928	88.268000
50.570606	1.792584	88.314000
50.597106	1.792786	88.360000
50.816549	1.791903	88.406000
50.842784	1.801329	88.783000
50.869169	1.810643	88.830000
50.894771	1.821938	88.876000
50.921436	1.831262	88.921000
50.947475	1.839941	88.967000
51.039093	1.847370	89.013000
51.066531	1.871521	89.171000
51.093004	1.875407	89.217000
51.119028	1.880036	89.263000
51.145044	1.884024	89.309000
51.171221	1.889151	89.354000
51.197975	1.893114	89.400000
51.224499	1.897848	89.446000
51.327607	1.913848	89.492000
51.353780	1.920793	89.672000
51.381007	1.925972	89.717000
51.407753	1.929197	89.763000
51.434718	1.935299	89.809000
51.461068	1.945122	89.855000
51.487004	1.955604	89.901000
51.513623	1.961323	89.947000
51.539820	1.963311	89.993000
51.566697	1.961000	90.039000
51.593266	1.959526	90.084000
51.806520	1.965604	90.130000
51.832852	2.072667	90.498000
51.860209	2.089910	90.545000
51.886267	2.106413	90.590000
51.975426	2.163849	90.636000
52.001676	2.182204	90.792000
52.028618	2.197370	90.838000
52.055391	2.211528	90.884000
52.082429	2.221915	90.930000
52.108545	2.225428	90.976000
52.134654	2.232172	91.021000
52.160632	2.236566	91.067000
52.186702	2.247691	91.113000
52.213882	2.255719	91.159000
52.309833	2.263461	91.204000
52.335830	2.287729	91.371000
52.362461	2.294173	91.417000
52.389165	2.302010	91.463000
52.415914	2.308699	91.509000
52.442903	2.317022	91.555000
52.469299	2.329554	91.601000
52.496011	2.344842	91.647000
52.599407	2.396098	91.692000
52.625899	2.410464	91.872000
52.651466	2.423633	91.917000
52.677974	2.440869	91.963000
52.704236	2.457198	92.009000
52.730944	2.470215	92.055000
52.757602	2.484917	92.101000
52.783948	2.499929	92.146000
52.810737	2.511411	92.192000
52.836849	2.523914	92.238000
52.863483	2.539342	92.283000
52.953549	2.553697	92.329000
52.980164	2.612287	92.485000
53.006280	2.633495	92.531000
53.033007	2.655601	92.577000
53.059850	2.679118	92.623000
53.085977	2.704489	92.669000
53.111790	2.728200	92.715000
53.138536	2.748990	92.760000
53.233868	2.825936	92.806000
53.259884	2.850195	92.972000
53.285997	2.875250	93.017000
53.312804	2.900259	93.063000
53.339554	2.917869	93.109000
53.366262	2.927631	93.155000
53.392824	2.935095	93.201000
53.418990	2.939638	93.246000
53.445751	2.951668	93.292000
53.472036	2.969717	93.338000
53.498621	2.993727	93.384000
53.589355	3.018600	93.430000
53.616082	3.088762	93.585000
53.642709	3.108746	93.631000
53.668126	3.131069	93.677000
53.694007	3.158118	93.723000
53.720604	3.186106	93.768000
53.746839	3.211515	93.814000
53.773470	3.241400	93.860000
53.992717	3.495715	93.906000
54.018341	3.533778	94.284000
54.044507	3.567470	94.330000
54.070996	3.593746	94.376000
54.097631	3.621633	94.422000
54.125015	3.650241	94.467000
54.215514	3.678233	94.513000
54.242368	3.791997	94.671000
54.268780	3.821907	94.717000
54.294523	3.847184	94.763000
54.321047	3.873120	94.809000
54.347374	3.904649	94.854000
54.374527	3.934748	94.900000
54.401531	3.968023	94.946000
54.504762	4.121182	94.992000
54.531662	4.160920	95.172000
54.558143	4.198804	95.217000
54.584712	4.233542	95.263000
54.610947	4.266162	95.309000
54.636668	4.302622	95.355000
54.662922	4.341454	95.400000
54.689668	4.377900	95.446000
54.716698	4.410392	95.492000
54.743479	4.443712	95.537000
54.768934	4.479311	95.583000
54.982646	4.517076	95.629000
55.008562	4.748642	95.998000
55.034782	4.756762	96.044000
55.061240	4.770535	96.089000
55.151505	4.839120	96.135000
55.178904	4.853474	96.292000
55.205455	4.858468	96.337000
55.230860	4.878200	96.383000
55.257591	4.906051	96.429000
55.283987	4.941816	96.475000
55.310130	4.980267	96.521000
55.336788	5.017860	96.567000
55.363918	5.056048	96.613000
55.390995	5.086136	96.659000
55.486504	5.108066	96.704000
55.512966	5.198161	96.871000
55.540250	5.221819	96.917000
55.567073	5.251621	96.963000
55.593312	5.284438	97.009000
55.619616	5.325668	97.055000
55.645317	5.374471	97.101000
55.671744	5.428690	97.146000
55.776090	5.658631	97.192000
55.802586	5.713113	97.372000
55.828683	5.758171	97.418000
55.855068	5.797263	97.464000
55.881968	5.840124	97.509000
55.908748	5.888909	97.555000
55.934818	5.937237	97.601000
55.960892	5.983849	97.646000
55.986643	6.027007	97.692000
56.013524	6.071939	97.738000
56.039717	6.119774	97.784000
56.130182	6.169308	97.830000
56.156640	6.352064	97.986000
56.183224	6.404374	98.031000
56.209241	6.448829	98.077000
56.235165	6.494828	98.123000
56.262637	6.545602	98.168000
56.288703	6.593982	98.215000
56.315764	6.635689	98.260000
56.409921	6.818504	98.306000
56.436947	6.871300	98.472000
56.464078	6.913378	98.518000
56.490885	6.950796	98.563000
56.516782	6.999267	98.609000
56.543194	7.055121	98.655000
56.569894	7.109607	98.701000
56.596583	7.160663	98.747000
56.622591	7.205633	98.793000
56.648980	7.240162	98.838000
56.675961	7.265657	98.884000
56.765557	7.290953	98.930000
56.792200	7.458747	99.086000
56.818504	7.513089	99.132000
56.844762	7.556591	99.178000
56.871051	7.596481	99.223000
56.898235	7.640337	99.269000
56.925362	7.692591	99.315000
56.951328	7.745354	99.361000
57.167848	8.217892	99.407000
57.194782	8.256580	99.784000
57.221394	8.299412	99.830000
57.248651	8.330044	99.876000
57.275009	8.357628	99.922000
57.301859	8.396265	99.968000
57.393004	8.453555	100.013000
57.419389	8.711732	100.172000
57.445409	8.788829	100.217000
57.471444	8.854753	100.263000
57.498359	8.918431	100.309000
57.525032	8.982022	100.355000
57.551755	9.051427	100.400000
57.577699	9.116872	100.446000
57.682355	9.344201	100.492000
57.708801	9.409270	100.672000
57.734994	9.476459	100.718000
57.760926	9.537116	100.764000
57.787565	9.593907	100.809000
57.813677	9.654069	100.855000
57.840342	9.728422	100.901000
57.867050	9.810850	100.947000
57.893612	9.894575	100.992000
57.919989	9.974264	101.038000
57.945728	10.051683	101.084000
58.158775	10.135471	101.130000
58.185157	10.776991	101.498000
58.211953	10.824992	101.544000
58.239317	10.877378	101.590000
58.329459	11.081886	101.636000
58.355702	11.164932	101.792000
58.382341	11.252625	101.838000
58.407969	11.345386	101.884000
58.434615	11.447324	101.930000
58.460881	11.557757	101.975000
58.488119	11.675419	102.021000
58.515169	11.791044	102.067000
58.541162	11.879332	102.113000
58.567616	11.944772	102.158000
58.664139	12.014748	102.204000
58.690943	12.297719	102.371000
58.717071	12.353802	102.417000
58.743252	12.407803	102.463000
58.769649	12.475924	102.509000
58.795630	12.561969	102.555000
58.822284	12.672904	102.601000
58.848834	12.803905	102.647000
58.951985	13.191831	102.692000
58.978170	13.248745	102.872000
59.005534	13.333030	102.918000
59.032042	13.430902	102.964000
59.058754	13.533288	103.010000
59.085419	13.626891	103.055000
59.111547	13.717478	103.101000
59.138232	13.808949	103.147000
59.164083	13.909815	103.193000
59.191148	14.033309	103.239000
59.217590	14.169590	103.284000
59.307771	14.296595	103.330000
59.333445	14.631852	103.486000
59.359703	14.756329	103.531000
59.386473	14.890321	103.578000
59.412754	15.028106	103.624000
59.439838	15.140256	103.669000
59.466380	15.199958	103.715000
59.492297	15.252549	103.760000
59.588109	15.700233	103.806000
59.614852	15.823337	103.972000
59.641302	15.906187	104.018000
59.667195	15.985634	104.063000
59.692608	16.088385	104.109000
59.718963	16.209042	104.154000
59.745451	16.335393	104.200000
59.772839	16.434092	104.246000
59.799470	16.493695	104.292000
59.825540	16.536762	104.338000
59.851975	16.584046	104.383000
59.941464	16.680594	104.429000
59.968029	17.004182	104.585000
59.994507	17.062243	104.631000
60.021952	17.152106	104.677000
60.047776	17.258563	104.722000
60.074879	17.380416	104.768000
60.100911	17.525364	104.814000
60.126854	17.688093	104.861000
60.345994	18.555885	104.906000
60.373097	18.539357	105.284000
60.398837	18.517764	105.330000
60.425303	18.508013	105.376000
60.451319	18.546523	105.422000
60.477362	18.638865	105.467000
60.569218	18.764917	105.513000
60.596083	19.248434	105.672000
60.622860	19.411304	105.718000
60.649329	19.574785	105.763000
60.675687	19.737377	105.809000
60.702249	19.897142	105.855000
60.727939	20.024796	105.901000
60.753751	20.115683	105.946000
60.858319	20.566043	105.992000
