Sample	2mm tape 
date	08/01/2026
	
Temperature (K)	77.00
Angle (deg.)	90.000000
field / T	0.500000
	
		
Approx. trace time (s)	90.0	
		
Current / A	V1  -sample/ uV	time/s
-0.018609	-0.099137	0.000000
-0.018561	-0.089204	0.073000
-0.018102	-0.085104	0.118000
-0.018800	-0.086720	0.164000
-0.019248	-0.085013	0.210000
-0.018215	-0.089588	0.256000
-0.018048	-0.087260	0.301000
-0.018579	-0.083016	0.347000
-0.019195	-0.078177	0.393000
-0.018132	-0.070491	0.439000
-0.018299	-0.059882	0.485000
-0.018329	-0.055522	0.531000
-0.018150	-0.070855	0.686000
-0.017373	-0.075037	0.732000
-0.003761	-0.076443	0.778000
0.018473	-0.065412	0.824000
0.032852	-0.054223	0.869000
0.049008	-0.042747	0.915000
0.066477	-0.034970	0.961000
0.205513	-0.007507	1.007000
0.221666	-0.009110	1.385000
0.238078	0.006766	1.431000
0.254920	0.016764	1.477000
0.271183	0.030076	1.523000
0.288076	0.040857	1.568000
0.345594	0.046738	1.614000
0.362198	0.051823	1.770000
0.378605	0.059263	1.816000
0.395329	0.065155	1.861000
0.412630	0.073426	1.907000
0.428923	0.081727	1.953000
0.445599	0.085723	1.999000
0.463496	0.089937	2.045000
0.480103	0.092548	2.091000
0.536886	0.101669	2.136000
0.553944	0.102304	2.292000
0.569902	0.120599	2.338000
0.586535	0.123839	2.384000
0.604007	0.116709	2.430000
0.621527	0.110453	2.476000
0.637048	0.106164	2.521000
0.653802	0.105566	2.567000
0.671103	0.107843	2.613000
0.686583	0.107233	2.659000
0.826069	0.104280	2.705000
0.842618	0.083373	3.082000
0.860040	0.087719	3.128000
0.877021	0.088802	3.174000
0.933954	0.078264	3.220000
0.951372	0.076136	3.376000
0.967965	0.075551	3.422000
0.984662	0.069619	3.468000
1.001253	0.066812	3.513000
1.018012	0.066429	3.559000
1.034215	0.067563	3.605000
1.050882	0.070915	3.651000
1.067813	0.074741	3.697000
1.085301	0.078504	3.742000
1.101318	0.080612	3.788000
1.158409	0.083232	3.834000
1.174531	0.091241	3.990000
1.191746	0.088408	4.036000
1.208063	0.087567	4.082000
1.226414	0.087869	4.127000
1.242764	0.087304	4.173000
1.259924	0.088762	4.219000
1.275363	0.088131	4.265000
1.335765	0.092980	4.310000
1.352398	0.100495	4.473000
1.369373	0.105897	4.519000
1.385624	0.114057	4.565000
1.403323	0.118653	4.610000
1.419425	0.118986	4.656000
1.436953	0.119123	4.702000
1.453670	0.120317	4.748000
1.469940	0.123360	4.794000
1.487470	0.126704	4.839000
1.502415	0.131972	4.885000
1.560583	0.138533	4.931000
1.577700	0.152096	5.087000
1.594631	0.150283	5.133000
1.611270	0.149330	5.178000
1.627600	0.148926	5.224000
1.643947	0.149138	5.270000
1.660874	0.149794	5.316000
1.678173	0.147669	5.361000
1.739077	0.121521	5.407000
1.754556	0.120141	5.573000
1.772014	0.121642	5.619000
1.789107	0.125003	5.665000
1.806860	0.127817	5.710000
1.823315	0.130750	5.756000
1.839942	0.128799	5.802000
1.856802	0.123674	5.848000
1.873351	0.122459	5.893000
1.890153	0.123401	5.940000
1.907427	0.125105	5.985000
1.964755	0.124949	6.031000
1.981694	0.121460	6.187000
1.997823	0.120670	6.232000
2.015173	0.121632	6.278000
2.031424	0.124294	6.324000
2.048195	0.132876	6.370000
2.065805	0.137155	6.415000
2.082940	0.136343	6.461000
2.219747	0.124102	6.507000
2.236890	0.129021	6.885000
2.253614	0.133304	6.931000
2.270654	0.127918	6.977000
2.288033	0.130115	7.023000
2.305199	0.128557	7.069000
2.361421	0.126622	7.115000
2.378101	0.121123	7.270000
2.395674	0.123653	7.316000
2.412219	0.126994	7.362000
2.429278	0.125478	7.408000
2.446154	0.124615	7.454000
2.463387	0.122066	7.500000
2.479482	0.118220	7.545000
2.496009	0.113513	7.591000
2.552933	0.112420	7.637000
2.570221	0.111408	7.793000
2.587194	0.106710	7.839000
2.604030	0.100829	7.885000
2.620932	0.097638	7.931000
2.636993	0.092124	7.976000
2.654824	0.093197	8.022000
2.670376	0.094543	8.068000
2.687537	0.093913	8.114000
2.704891	0.098539	8.159000
2.843009	0.100067	8.205000
2.859720	0.100556	8.582000
2.876336	0.095970	8.628000
2.893666	0.094432	8.674000
2.950531	0.107732	8.720000
2.967324	0.103246	8.875000
2.983725	0.095626	8.921000
3.001172	0.095369	8.967000
3.017219	0.096210	9.012000
3.033782	0.096260	9.058000
3.050684	0.101356	9.104000
3.068434	0.107621	9.150000
3.084432	0.111627	9.195000
3.100969	0.114208	9.241000
3.117661	0.115282	9.287000
3.174372	0.116144	9.333000
3.192615	0.119091	9.489000
3.208929	0.127827	9.535000
3.226185	0.135016	9.580000
3.242538	0.143318	9.626000
3.259453	0.153383	9.672000
3.275951	0.154256	9.718000
3.292727	0.155543	9.764000
3.352442	0.172190	9.810000
3.369870	0.179347	9.973000
3.385356	0.186615	10.019000
3.403142	0.194908	10.065000
3.419836	0.199177	10.111000
3.437583	0.205789	10.156000
3.453606	0.213289	10.202000
3.470483	0.224550	10.248000
3.486836	0.232237	10.294000
3.503064	0.234579	10.340000
3.520230	0.238188	10.386000
3.578767	0.241348	10.432000
3.595596	0.256607	10.588000
3.612205	0.255239	10.634000
3.627960	0.255380	10.679000
3.645184	0.258565	10.725000
3.661788	0.261210	10.771000
3.679744	0.267710	10.817000
3.696013	0.272374	10.863000
3.755202	0.266595	10.909000
3.773254	0.259983	11.073000
3.789545	0.258140	11.119000
3.806656	0.257197	11.165000
3.823187	0.258625	11.211000
3.840267	0.255960	11.257000
3.856816	0.252482	11.302000
3.873939	0.242323	11.348000
3.890710	0.234049	11.394000
3.908254	0.224085	11.440000
3.924747	0.218639	11.485000
3.980515	0.214596	11.531000
3.997885	0.199015	11.687000
4.014358	0.188522	11.732000
4.031110	0.176125	11.778000
4.048861	0.166778	11.824000
4.064998	0.156183	11.870000
4.081846	0.149855	11.915000
4.098280	0.143631	11.961000
4.237498	0.084156	12.007000
4.254594	0.079639	12.386000
4.272065	0.076433	12.432000
4.288859	0.071409	12.477000
4.305632	0.067281	12.523000
4.322115	0.064211	12.569000
4.379198	0.060749	12.615000
4.395675	0.032772	12.770000
4.413097	0.032620	12.816000
4.429923	0.030332	12.862000
4.445875	0.036058	12.908000
4.462665	0.026209	12.953000
4.479338	0.015269	12.999000
4.496133	0.010299	13.045000
4.512893	0.007421	13.091000
4.570710	0.001540	13.136000
4.587582	-0.003542	13.292000
4.604076	-0.003168	13.338000
4.620529	-0.007996	13.384000
4.636954	-0.009613	13.430000
4.654059	-0.013510	13.476000
4.671340	-0.018500	13.522000
4.688241	-0.022894	13.567000
4.704630	-0.022712	13.613000
4.721443	-0.024527	13.659000
4.860471	-0.011499	13.704000
4.877283	-0.024779	14.083000
4.894369	-0.022043	14.129000
4.911367	-0.024890	14.174000
4.968259	-0.040993	14.220000
4.984486	-0.038695	14.376000
5.001183	-0.035288	14.421000
5.018026	-0.036003	14.467000
5.035056	-0.037238	14.513000
5.052023	-0.041240	14.559000
5.068842	-0.044314	14.604000
5.085541	-0.047233	14.650000
5.102509	-0.048890	14.696000
5.119129	-0.047937	14.742000
5.135815	-0.047857	14.788000
5.193254	-0.050286	14.833000
5.210349	-0.033806	14.989000
5.226888	-0.030803	15.035000
5.243440	-0.026558	15.081000
5.259692	-0.020444	15.127000
5.276129	-0.017644	15.173000
5.293845	-0.018328	15.219000
5.310523	-0.011962	15.264000
5.370465	0.004790	15.310000
5.387145	0.009891	15.473000
5.404554	0.019264	15.519000
5.421677	0.031269	15.565000
5.437731	0.042772	15.611000
5.453977	0.055326	15.657000
5.471514	0.065355	15.702000
5.487586	0.075052	15.748000
5.504396	0.085371	15.794000
5.521719	0.094492	15.840000
5.538837	0.100233	15.886000
5.595846	0.107713	15.932000
5.612730	0.114229	16.088000
5.629462	0.118019	16.134000
5.646484	0.122737	16.180000
5.663546	0.125570	16.225000
5.680563	0.129656	16.271000
5.697269	0.128578	16.317000
5.714017	0.124264	16.362000
5.774060	0.147362	16.408000
5.790856	0.154917	16.573000
5.807412	0.158148	16.619000
5.824667	0.158405	16.665000
5.841084	0.159823	16.710000
5.857335	0.164204	16.756000
5.874898	0.167647	16.802000
5.891931	0.170296	16.848000
5.908839	0.170266	16.894000
5.925251	0.166440	16.940000
5.942304	0.176560	16.985000
5.998479	0.177887	17.031000
6.015785	0.161736	17.187000
6.033507	0.160605	17.233000
6.050333	0.162175	17.278000
6.066863	0.164386	17.325000
6.083180	0.168989	17.370000
6.099677	0.172149	17.416000
6.115988	0.175162	17.462000
6.255588	0.146277	17.507000
6.272511	0.146816	17.886000
6.289391	0.144495	17.931000
6.305912	0.138736	17.978000
6.322475	0.136812	18.023000
6.339019	0.132664	18.069000
6.396620	0.132593	18.115000
6.413683	0.142844	18.270000
6.430406	0.146513	18.316000
6.446645	0.142678	18.362000
6.463511	0.133688	18.408000
6.480122	0.133729	18.454000
6.496727	0.130025	18.500000
6.514404	0.130136	18.546000
6.531128	0.131421	18.591000
6.589095	0.135717	18.637000
6.605592	0.132003	18.793000
6.622637	0.127217	18.839000
6.639685	0.124325	18.885000
6.655757	0.129404	18.931000
6.672844	0.131791	18.977000
6.689752	0.132734	19.022000
6.706400	0.135268	19.068000
6.723099	0.133668	19.114000
6.740020	0.132845	19.159000
6.878738	0.130538	19.205000
6.895208	0.131017	19.583000
6.911734	0.126855	19.629000
6.928487	0.126401	19.675000
6.985167	0.119486	19.720000
7.002017	0.120071	19.876000
7.019320	0.120273	19.922000
7.035903	0.120933	19.968000
7.052877	0.120691	20.013000
7.069866	0.119638	20.059000
7.085925	0.113146	20.105000
7.102882	0.104552	20.150000
7.119903	0.097053	20.196000
7.136261	0.095606	20.242000
7.152845	0.092981	20.288000
7.210067	0.090129	20.334000
7.226844	0.088061	20.489000
7.243556	0.087109	20.535000
7.260232	0.085310	20.581000
7.277137	0.084639	20.627000
7.294292	0.084896	20.673000
7.311088	0.088283	20.718000
7.327627	0.094226	20.764000
7.387902	0.115670	20.810000
7.404891	0.118673	20.974000
7.421614	0.118936	21.020000
7.437626	0.120296	21.065000
7.454934	0.120221	21.111000
7.471612	0.121875	21.157000
7.488021	0.124797	21.203000
7.504995	0.124466	21.248000
7.522301	0.132249	21.294000
7.538884	0.137943	21.340000
7.555321	0.142000	21.386000
7.612201	0.144151	21.431000
7.628960	0.142738	21.587000
7.646495	0.146826	21.633000
7.662905	0.149067	21.679000
7.679317	0.153231	21.725000
7.696618	0.155391	21.770000
7.712207	0.158167	21.816000
7.728675	0.155381	21.862000
7.790627	0.153100	21.908000
7.808009	0.152298	22.074000
7.824212	0.151021	22.119000
7.840848	0.150697	22.165000
7.857338	0.150101	22.211000
7.874879	0.151904	22.257000
7.891536	0.156295	22.303000
7.908370	0.159853	22.349000
7.924979	0.159510	22.395000
7.941691	0.163977	22.440000
7.958401	0.161292	22.486000
8.015351	0.162730	22.531000
8.032559	0.173456	22.687000
8.049776	0.179336	22.733000
8.065812	0.184060	22.779000
8.082776	0.186463	22.825000
8.099500	0.188411	22.870000
8.116169	0.190132	22.916000
8.133591	0.192404	22.962000
8.271874	0.196743	23.008000
8.288825	0.188067	23.386000
8.305188	0.194210	23.432000
8.321786	0.189233	23.478000
8.338556	0.193691	23.524000
8.355340	0.192933	23.569000
8.412835	0.196562	23.615000
8.429443	0.195537	23.771000
8.446379	0.185266	23.817000
8.463281	0.181889	23.862000
8.480148	0.178992	23.908000
8.496983	0.176641	23.954000
8.514509	0.178780	24.000000
8.530861	0.183969	24.045000
8.547066	0.189647	24.091000
8.604340	0.189768	24.136000
8.620567	0.185499	24.292000
8.638043	0.184478	24.338000
8.654998	0.187003	24.384000
8.671451	0.189425	24.429000
8.687809	0.190328	24.475000
8.704340	0.187154	24.521000
8.721283	0.189253	24.567000
8.737646	0.189395	24.612000
8.754852	0.191106	24.658000
8.893726	0.193115	24.704000
8.910227	0.195184	25.083000
8.927666	0.203659	25.129000
8.943880	0.216065	25.175000
9.001620	0.260215	25.221000
9.018452	0.266136	25.376000
9.034894	0.275079	25.422000
9.051092	0.285340	25.467000
9.067999	0.299297	25.513000
9.084673	0.312762	25.559000
9.101494	0.325608	25.605000
9.118759	0.336147	25.650000
9.135083	0.342618	25.696000
9.151918	0.350532	25.742000
9.168647	0.358038	25.788000
9.225364	0.368401	25.834000
9.241699	0.412052	25.990000
9.258496	0.421398	26.035000
9.275968	0.426906	26.081000
9.292925	0.432949	26.127000
9.309822	0.438241	26.173000
9.326340	0.447121	26.219000
9.342824	0.452422	26.265000
9.403690	0.484443	26.310000
9.420294	0.491438	26.474000
9.437348	0.491539	26.520000
9.454297	0.490838	26.566000
9.470698	0.490727	26.612000
9.487677	0.492733	26.657000
9.504946	0.497299	26.703000
9.521599	0.500691	26.749000
9.538047	0.504103	26.795000
9.554497	0.505186	26.841000
9.571486	0.501734	26.886000
9.628472	0.498765	26.932000
9.645918	0.496376	27.089000
9.662587	0.494820	27.134000
9.679555	0.490626	27.180000
9.696568	0.484603	27.226000
9.712760	0.476504	27.272000
9.729595	0.467059	27.318000
9.746294	0.458778	27.364000
9.806384	0.443271	27.409000
9.823564	0.435348	27.574000
9.839805	0.424638	27.620000
9.856887	0.417663	27.665000
9.873989	0.415757	27.711000
9.890417	0.418635	27.757000
9.907216	0.424381	27.803000
9.924039	0.425752	27.849000
9.940429	0.426226	27.895000
9.957442	0.426710	27.940000
9.974940	0.425404	27.986000
10.032511	0.425192	28.032000
10.048667	0.421256	28.188000
10.064733	0.418065	28.234000
10.081177	0.416216	28.280000
10.098362	0.420848	28.326000
10.114548	0.427118	28.372000
10.132264	0.431397	28.417000
10.149493	0.429527	28.463000
10.287222	0.454962	28.509000
10.303951	0.460027	28.886000
10.320465	0.462392	28.932000
10.338125	0.461676	28.978000
10.355267	0.458505	29.024000
10.372082	0.456328	29.069000
10.427679	0.457503	29.115000
10.444886	0.462568	29.271000
10.461989	0.461907	29.317000
10.478998	0.460502	29.363000
10.496086	0.458778	29.408000
10.512664	0.462719	29.454000
10.529400	0.467760	29.500000
10.545431	0.475218	29.546000
10.562269	0.477698	29.591000
10.619842	0.473001	29.637000
10.637052	0.472245	29.793000
10.653592	0.469579	29.839000
10.669964	0.466060	29.884000
10.687164	0.461727	29.930000
10.703480	0.457624	29.976000
10.720026	0.456197	30.022000
10.736749	0.460179	30.068000
10.754553	0.460744	30.114000
10.771001	0.451016	30.160000
10.909294	0.462240	30.205000
10.926323	0.468894	30.583000
10.943213	0.474594	30.629000
10.959735	0.476030	30.675000
11.017417	0.467285	30.721000
11.033874	0.462497	30.877000
11.050673	0.461177	30.923000
11.067255	0.462537	30.969000
11.084283	0.465804	31.015000
11.101195	0.463303	31.061000
11.117746	0.454711	31.107000
11.134768	0.445917	31.152000
11.151427	0.442097	31.198000
11.167833	0.441844	31.244000
11.184383	0.437616	31.290000
11.241445	0.431956	31.335000
11.258729	0.411832	31.491000
11.276032	0.411080	31.537000
11.292852	0.412864	31.582000
11.309205	0.411039	31.628000
11.325858	0.410158	31.674000
11.342774	0.405087	31.720000
11.358909	0.400859	31.765000
11.419061	0.386858	31.811000
11.435682	0.384669	31.974000
11.452667	0.384962	32.020000
11.469406	0.382482	32.066000
11.486541	0.378507	32.112000
11.503335	0.373496	32.158000
11.519640	0.369741	32.203000
11.536327	0.366278	32.249000
11.553581	0.364817	32.295000
11.569982	0.362624	32.340000
11.586928	0.361470	32.386000
11.644022	0.362796	32.432000
11.660106	0.351243	32.588000
11.677355	0.345044	32.633000
11.694006	0.341094	32.679000
11.710698	0.337913	32.725000
11.727390	0.341044	32.771000
11.744494	0.346314	32.817000
11.761199	0.351646	32.862000
11.821470	0.333118	32.908000
11.838631	0.326416	33.074000
11.856164	0.325190	33.120000
11.872679	0.321358	33.166000
11.889186	0.317608	33.211000
11.906114	0.318264	33.257000
11.922677	0.316155	33.303000
11.939273	0.313025	33.349000
11.956079	0.314312	33.394000
11.973395	0.312733	33.440000
11.990486	0.306821	33.486000
12.047131	0.300402	33.532000
12.063702	0.302522	33.688000
12.080828	0.306892	33.734000
12.097624	0.305908	33.780000
12.114248	0.305288	33.826000
12.130661	0.299358	33.871000
12.147893	0.293663	33.917000
12.164341	0.273509	33.963000
12.302940	0.235946	34.008000
12.320167	0.232954	34.387000
12.337385	0.229631	34.433000
12.353908	0.228381	34.478000
12.370778	0.228138	34.524000
12.387686	0.227603	34.570000
12.444766	0.226154	34.616000
12.461380	0.220992	34.772000
12.478550	0.222586	34.818000
12.495957	0.220355	34.864000
12.512610	0.219017	34.910000
12.529046	0.218740	34.955000
12.545189	0.220557	35.001000
12.562583	0.223913	35.047000
12.579094	0.227003	35.093000
12.637164	0.245245	35.139000
12.653619	0.249908	35.295000
12.670319	0.256455	35.341000
12.686749	0.260135	35.387000
12.703715	0.266999	35.432000
12.720564	0.271834	35.478000
12.737639	0.279022	35.524000
12.754585	0.284488	35.570000
12.770759	0.289687	35.615000
12.787507	0.293977	35.661000
12.924890	0.295102	35.707000
12.942311	0.322696	36.083000
12.959183	0.324917	36.129000
12.976157	0.327107	36.175000
13.032467	0.318794	36.221000
13.049680	0.319633	36.376000
13.066491	0.318835	36.422000
13.083489	0.318346	36.468000
13.100830	0.315185	36.514000
13.118076	0.309073	36.560000
13.134215	0.305308	36.605000
13.151262	0.301628	36.652000
13.167448	0.299634	36.698000
13.184417	0.302744	36.743000
13.200916	0.303698	36.789000
13.259031	0.305706	36.835000
13.275998	0.303819	36.991000
13.292262	0.299105	37.037000
13.308716	0.301507	37.082000
13.325954	0.299256	37.128000
13.342305	0.296258	37.174000
13.358849	0.294068	37.220000
13.375736	0.292680	37.265000
13.435419	0.277997	37.311000
13.452294	0.271380	37.474000
13.468914	0.265540	37.520000
13.486079	0.260725	37.566000
13.502860	0.253149	37.612000
13.519546	0.250201	37.658000
13.536311	0.245932	37.704000
13.552897	0.240439	37.749000
13.570491	0.234973	37.795000
13.587392	0.226568	37.841000
13.603762	0.214768	37.887000
13.660129	0.207955	37.932000
13.677822	0.192973	38.088000
13.694024	0.183989	38.134000
13.710444	0.173254	38.179000
13.728046	0.160298	38.225000
13.744769	0.153070	38.271000
13.761166	0.144009	38.317000
13.777775	0.136000	38.363000
13.839268	0.107652	38.409000
13.856041	0.104632	38.574000
13.871903	0.098629	38.620000
13.888774	0.098700	38.666000
13.905790	0.093600	38.712000
13.922538	0.091891	38.757000
13.939632	0.085894	38.803000
13.956252	0.083032	38.849000
13.973105	0.080329	38.895000
13.990060	0.075359	38.941000
14.006377	0.073656	38.986000
14.063779	0.071735	39.032000
14.081222	0.062195	39.188000
14.097945	0.057175	39.234000
14.115206	0.051394	39.280000
14.131577	0.054272	39.325000
14.148412	0.049878	39.371000
14.165195	0.048421	39.417000
14.180901	0.043875	39.462000
14.320951	0.025125	39.508000
14.337187	0.028658	39.887000
14.353994	0.024541	39.932000
14.370294	0.016723	39.979000
14.387432	0.013363	40.025000
14.403983	0.007602	40.071000
14.461215	0.005491	40.116000
14.478391	0.021200	40.272000
14.495288	0.023769	40.318000
14.511819	0.026647	40.364000
14.527894	0.030916	40.410000
14.545107	0.037599	40.455000
14.561801	0.047912	40.502000
14.578886	0.060890	40.547000
14.596090	0.073787	40.593000
14.652617	0.104794	40.639000
14.669425	0.112480	40.794000
14.686353	0.121491	40.840000
14.702963	0.134803	40.886000
14.719804	0.144555	40.932000
14.737313	0.152463	40.978000
14.754028	0.157521	41.023000
14.769964	0.160999	41.069000
14.786541	0.163785	41.115000
14.803370	0.167903	41.161000
14.942267	0.171256	41.206000
14.959486	0.225079	41.583000
14.975528	0.229062	41.629000
14.992202	0.243478	41.675000
15.049002	0.271855	41.721000
15.066048	0.279632	41.876000
15.083141	0.289323	41.922000
15.100059	0.296905	41.968000
15.115782	0.303647	42.014000
15.132250	0.309608	42.059000
15.149196	0.315913	42.105000
15.165929	0.327056	42.150000
15.183017	0.339473	42.196000
15.200387	0.348763	42.242000
15.217235	0.355271	42.288000
15.273310	0.360039	42.333000
15.290101	0.376722	42.489000
15.306610	0.392346	42.535000
15.323931	0.408499	42.581000
15.340800	0.423035	42.626000
15.357604	0.432949	42.672000
15.374663	0.439880	42.718000
15.391111	0.447717	42.764000
15.451676	0.465229	42.810000
15.468130	0.469296	42.974000
15.485233	0.468132	43.020000
15.501956	0.478994	43.066000
15.518582	0.485838	43.112000
15.535215	0.500630	43.157000
15.552630	0.505186	43.203000
15.569705	0.503019	43.249000
15.586554	0.498261	43.295000
15.602589	0.501326	43.341000
15.619212	0.502979	43.387000
15.676691	0.517182	43.433000
15.693437	0.563887	43.589000
15.710382	0.572472	43.635000
15.727388	0.577696	43.680000
15.743839	0.584293	43.726000
15.760137	0.591269	43.772000
15.777284	0.597870	43.818000
15.793987	0.606284	43.863000
15.854601	0.640722	43.909000
15.871619	0.643629	44.075000
15.888380	0.634050	44.121000
15.905200	0.643740	44.167000
15.922031	0.633868	44.213000
15.939684	0.652013	44.258000
15.956169	0.652215	44.304000
15.972953	0.655592	44.350000
15.989452	0.656929	44.396000
16.005734	0.661351	44.442000
16.023013	0.665761	44.487000
16.080613	0.673823	44.533000
16.097630	0.693033	44.689000
16.114305	0.692781	44.735000
16.130661	0.695153	44.781000
16.147296	0.691948	44.827000
16.163744	0.706777	44.872000
16.180214	0.710896	44.918000
16.197864	0.712385	44.964000
16.336218	0.717983	45.009000
16.352279	0.724085	45.387000
16.369739	0.727592	45.433000
16.386453	0.740751	45.479000
16.403178	0.745737	45.525000
16.420081	0.746126	45.571000
16.477290	0.745768	45.616000
16.494346	0.736819	45.773000
16.510715	0.737071	45.818000
16.527773	0.737011	45.864000
16.544634	0.739039	45.910000
16.561930	0.736627	45.956000
16.578668	0.737914	46.001000
16.595397	0.740296	46.048000
16.612337	0.739615	46.094000
16.669241	0.744016	46.140000
16.685891	0.751304	46.296000
16.702525	0.750017	46.342000
16.719481	0.756629	46.387000
16.736901	0.765942	46.433000
16.753236	0.777028	46.479000
16.769542	0.786224	46.525000
16.786296	0.792946	46.570000
16.803686	0.794705	46.616000
16.820299	0.798383	46.662000
16.958438	0.796509	46.708000
16.975125	0.809900	47.084000
16.991903	0.813463	47.129000
17.008563	0.817445	47.175000
17.066199	0.807420	47.221000
17.082797	0.808173	47.377000
17.099017	0.804781	47.423000
17.115340	0.800824	47.469000
17.132057	0.792826	47.515000
17.149276	0.785820	47.561000
17.166114	0.776272	47.606000
17.182910	0.769868	47.652000
17.200390	0.765205	47.697000
17.217008	0.762822	47.743000
17.233252	0.759578	47.789000
17.290542	0.758280	47.835000
17.307063	0.752663	47.990000
17.324386	0.751588	48.036000
17.341366	0.746682	48.082000
17.357843	0.741452	48.128000
17.374566	0.736637	48.174000
17.390959	0.733291	48.219000
17.407876	0.732469	48.265000
17.467669	0.736707	48.311000
17.484350	0.734639	48.475000
17.501103	0.729641	48.521000
17.517888	0.725250	48.566000
17.535022	0.722535	48.612000
17.552306	0.719421	48.658000
17.568395	0.714616	48.704000
17.584536	0.714474	48.749000
17.601332	0.715943	48.795000
17.618426	0.713581	48.841000
17.635160	0.708615	48.886000
17.693169	0.702492	48.932000
17.710153	0.674702	49.088000
17.726638	0.669289	49.134000
17.742585	0.666337	49.180000
17.759686	0.662476	49.226000
17.776820	0.657812	49.271000
17.793591	0.651437	49.317000
17.810314	0.640223	49.363000
17.871617	0.608869	49.409000
17.888232	0.608117	49.575000
17.905322	0.602383	49.621000
17.922687	0.597861	49.666000
17.939064	0.591199	49.712000
17.955609	0.582552	49.758000
17.972084	0.575597	49.804000
17.988932	0.567885	49.850000
18.005687	0.565124	49.895000
18.023206	0.565835	49.941000
18.040071	0.565835	49.987000
18.096585	0.563625	50.033000
18.113058	0.550296	50.188000
18.130079	0.548541	50.234000
18.146819	0.548713	50.280000
18.163133	0.544778	50.326000
18.180090	0.548774	50.372000
18.197411	0.546752	50.418000
18.214944	0.540851	50.463000
18.352830	0.550094	50.509000
18.369816	0.547569	50.887000
18.386527	0.550770	50.933000
18.403277	0.551011	50.979000
18.420093	0.554061	51.025000
18.436583	0.554861	51.070000
18.494234	0.559528	51.116000
18.510402	0.559272	51.272000
18.526687	0.560003	51.317000
18.544219	0.562987	51.363000
18.560809	0.566482	51.409000
18.577842	0.567779	51.455000
18.594229	0.570050	51.501000
18.611708	0.571236	51.546000
18.627859	0.571533	51.592000
18.685145	0.557897	51.638000
18.701966	0.551813	51.794000
18.718766	0.541053	51.839000
18.735187	0.530605	51.885000
18.751834	0.520695	51.930000
18.768553	0.514571	51.976000
18.785089	0.512979	52.022000
18.802542	0.513448	52.068000
18.819533	0.509053	52.114000
18.836369	0.505571	52.159000
18.974879	0.494648	52.205000
18.991112	0.455967	52.584000
19.008175	0.450866	52.630000
19.025295	0.444153	52.676000
19.082497	0.428403	52.721000
19.098678	0.421860	52.877000
19.115271	0.417865	52.923000
19.132088	0.417663	52.969000
19.148661	0.417143	53.015000
19.166058	0.423186	53.061000
19.182998	0.428696	53.106000
19.199890	0.434507	53.152000
19.216272	0.441381	53.198000
19.232680	0.448235	53.244000
19.250171	0.450487	53.289000
19.307632	0.451793	53.335000
19.324885	0.469664	53.490000
19.340598	0.476716	53.536000
19.357584	0.482965	53.582000
19.373986	0.491509	53.628000
19.391201	0.503333	53.673000
19.407248	0.515126	53.720000
19.424799	0.525382	53.766000
19.484361	0.538073	53.811000
19.500934	0.541586	53.975000
19.517964	0.549161	54.021000
19.535406	0.555265	54.067000
19.551956	0.562593	54.113000
19.568362	0.569262	54.158000
19.584899	0.573275	54.204000
19.601503	0.580119	54.249000
19.618839	0.582874	54.295000
19.635698	0.587659	54.341000
19.653191	0.591960	54.387000
19.710374	0.595018	54.433000
19.726812	0.605208	54.589000
19.743747	0.605653	54.635000
19.760514	0.606375	54.681000
19.777477	0.606870	54.727000
19.794112	0.608525	54.773000
19.811396	0.609933	54.818000
19.827969	0.608616	54.864000
19.888382	0.600051	54.910000
19.905051	0.600354	55.075000
19.921334	0.596492	55.121000
19.937863	0.591450	55.166000
19.954450	0.587760	55.212000
19.971127	0.587245	55.258000
19.988079	0.580886	55.304000
20.005533	0.574552	55.349000
20.022633	0.570680	55.395000
20.038964	0.568833	55.441000
20.055570	0.571104	55.487000
20.112793	0.578731	55.533000
20.130146	0.590753	55.688000
20.146425	0.594959	55.734000
20.163329	0.598628	55.780000
20.180476	0.602196	55.826000
20.197278	0.608494	55.872000
20.213792	0.622562	55.918000
20.230323	0.634751	55.963000
20.369708	0.669128	56.009000
20.386266	0.673557	56.387000
20.402851	0.678912	56.433000
20.419497	0.676185	56.479000
20.436456	0.673446	56.525000
20.453200	0.674813	56.570000
20.509866	0.676933	56.616000
20.527236	0.687850	56.772000
20.544142	0.687915	56.818000
20.560665	0.684357	56.863000
20.577475	0.680693	56.909000
20.594002	0.679693	56.955000
20.610896	0.679416	57.001000
20.627623	0.680390	57.047000
20.645012	0.682237	57.093000
20.702532	0.692801	57.138000
20.719350	0.689626	57.294000
20.735469	0.686562	57.340000
20.751941	0.683605	57.385000
20.768616	0.680859	57.431000
20.785871	0.674277	57.477000
20.803151	0.675312	57.522000
20.819755	0.671732	57.568000
20.836647	0.673843	57.614000
20.852629	0.675838	57.660000
20.991526	0.679173	57.705000
21.009033	0.648071	58.084000
21.025601	0.645386	58.130000
21.041897	0.644078	58.176000
21.098171	0.636584	58.222000
21.115555	0.636972	58.377000
21.132266	0.635094	58.423000
21.149281	0.638138	58.469000
21.166369	0.634529	58.515000
21.183772	0.635498	58.561000
21.199731	0.634353	58.606000
21.216277	0.634221	58.652000
21.232745	0.631880	58.698000
21.249790	0.633025	58.743000
21.267109	0.633969	58.789000
21.323611	0.634791	58.835000
21.340175	0.643872	58.991000
21.357025	0.648122	59.036000
21.373715	0.651831	59.082000
21.390555	0.652523	59.128000
21.407174	0.652816	59.174000
21.424166	0.653371	59.219000
21.440841	0.649429	59.265000
21.500986	0.659781	59.311000
21.517887	0.662425	59.475000
21.534985	0.661819	59.521000
21.551579	0.659680	59.567000
21.568364	0.653901	59.613000
21.585306	0.654487	59.658000
21.601967	0.654915	59.704000
21.619267	0.658635	59.750000
21.636334	0.669138	59.796000
21.652866	0.677645	59.841000
21.669974	0.688694	59.887000
21.725950	0.693590	59.933000
21.742799	0.706525	60.088000
21.759957	0.710124	60.134000
21.777657	0.720517	60.180000
21.793852	0.726973	60.226000
21.810057	0.733958	60.272000
21.826674	0.736516	60.317000
21.843449	0.737884	60.363000
21.905535	0.726648	60.409000
21.921497	0.731656	60.575000
21.937959	0.738075	60.621000
21.955305	0.739706	60.667000
21.971834	0.737293	60.713000
21.988724	0.732882	60.758000
22.005925	0.727451	60.804000
22.023057	0.721954	60.850000
22.039154	0.713955	60.896000
22.055466	0.707035	60.942000
22.072825	0.698671	60.987000
22.130038	0.694977	61.033000
22.146590	0.683918	61.189000
22.163618	0.686765	61.235000
22.180678	0.690253	61.281000
22.197214	0.700574	61.327000
22.213826	0.695224	61.373000
22.230124	0.686381	61.419000
22.247508	0.680784	61.464000
22.386696	0.627937	61.510000
22.402756	0.631354	61.888000
22.419673	0.631010	61.933000
22.436105	0.624389	61.979000
22.452670	0.609090	62.025000
22.469889	0.611635	62.071000
22.526959	0.606426	62.117000
22.543454	0.595811	62.272000
22.560165	0.591616	62.318000
22.577127	0.583293	62.364000
22.593731	0.572649	62.410000
22.610490	0.568409	62.455000
22.627480	0.561359	62.501000
22.644772	0.554262	62.547000
22.661431	0.548783	62.592000
22.717649	0.543390	62.638000
22.734340	0.539696	62.794000
22.750980	0.540664	62.840000
22.767978	0.539978	62.886000
22.785218	0.541365	62.931000
22.801551	0.540728	62.977000
22.818760	0.540654	63.022000
22.835583	0.540890	63.068000
22.851480	0.545406	63.114000
22.868036	0.551131	63.160000
23.008017	0.558177	63.206000
23.024383	0.599743	63.584000
23.041302	0.599591	63.630000
23.057748	0.599783	63.676000
23.114156	0.614597	63.722000
23.131624	0.620204	63.877000
23.149137	0.629053	63.923000
23.165777	0.636159	63.969000
23.182802	0.652825	64.015000
23.198849	0.659579	64.061000
23.215514	0.663349	64.106000
23.232468	0.657469	64.153000
23.249356	0.663712	64.199000
23.266653	0.667483	64.244000
23.283096	0.676700	64.290000
23.339908	0.685775	64.336000
23.356967	0.717079	64.492000
23.373400	0.724907	64.538000
23.390301	0.733472	64.584000
23.407334	0.743642	64.630000
23.424595	0.753273	64.675000
23.441202	0.760531	64.721000
23.458008	0.764029	64.767000
23.518060	0.776867	64.813000
23.534349	0.777789	64.975000
23.551185	0.779064	65.021000
23.567810	0.778973	65.067000
23.584641	0.777678	65.113000
23.601952	0.769888	65.159000
23.618588	0.781463	65.205000
23.635807	0.781785	65.250000
23.652716	0.783000	65.296000
23.668859	0.782223	65.342000
23.685075	0.784875	65.388000
23.742634	0.783903	65.434000
23.760431	0.779376	65.590000
23.777306	0.772674	65.635000
23.793587	0.768580	65.682000
23.810037	0.765063	65.727000
23.826628	0.756840	65.773000
23.843752	0.746489	65.819000
23.860373	0.737687	65.865000
23.921042	0.732064	65.911000
23.937262	0.729561	66.075000
23.954448	0.725018	66.121000
23.971484	0.719189	66.167000
23.988510	0.718619	66.213000
24.005558	0.718094	66.259000
24.021805	0.717669	66.305000
24.038435	0.711799	66.351000
24.055162	0.708045	66.397000
24.072183	0.707115	66.442000
24.089336	0.703769	66.488000
24.145635	0.701569	66.534000
24.162804	0.709679	66.690000
24.179402	0.713187	66.736000
24.195806	0.720213	66.782000
24.212625	0.728627	66.827000
24.230124	0.737994	66.873000
24.247055	0.746217	66.919000
24.263634	0.758108	66.965000
24.402057	0.837656	67.011000
24.418922	0.853966	67.388000
24.435833	0.869696	67.434000
24.452380	0.880944	67.480000
24.470184	0.889567	67.526000
24.486946	0.894985	67.572000
24.543381	0.903387	67.618000
24.559593	0.936288	67.773000
24.576923	0.945376	67.819000
24.593675	0.952310	67.865000
24.610267	0.957179	67.911000
24.627430	0.955532	67.957000
24.644197	0.956403	68.002000
24.661020	0.954669	68.048000
24.677741	0.955784	68.094000
24.734380	0.952141	68.140000
24.751437	0.947685	68.295000
24.768477	0.941641	68.341000
24.785358	0.936562	68.387000
24.801908	0.928352	68.433000
24.818725	0.922964	68.479000
24.835442	0.916043	68.524000
24.851875	0.908096	68.570000
24.868712	0.901191	68.616000
24.886284	0.894794	68.661000
25.024476	0.889387	68.707000
25.041286	0.845101	69.085000
25.058520	0.843144	69.131000
25.074592	0.840866	69.177000
25.132540	0.833527	69.222000
25.148887	0.830938	69.378000
25.164740	0.832223	69.423000
25.181570	0.834380	69.469000
25.197466	0.838875	69.515000
25.214561	0.839077	69.561000
25.231717	0.834602	69.607000
25.249579	0.827858	69.653000
25.266576	0.824163	69.698000
25.283244	0.818373	69.744000
25.299738	0.816644	69.790000
25.357268	0.816392	69.836000
25.374033	0.825998	69.992000
25.391037	0.823609	70.038000
25.408715	0.825887	70.084000
25.424623	0.827102	70.129000
25.440908	0.829984	70.175000
25.457750	0.836189	70.221000
25.474473	0.835807	70.267000
25.534637	0.841305	70.313000
25.550958	0.843724	70.476000
25.567464	0.845080	70.521000
25.584679	0.844288	70.567000
25.601761	0.841305	70.613000
25.618863	0.838196	70.659000
25.634887	0.835866	70.704000
25.651796	0.830948	70.750000
25.668267	0.828458	70.796000
25.684798	0.828498	70.842000
25.701909	0.825247	70.887000
25.759678	0.824305	70.933000
25.775838	0.822728	71.089000
25.792593	0.823933	71.135000
25.809080	0.823690	71.181000
25.826086	0.821976	71.226000
25.842555	0.821362	71.272000
25.859950	0.824224	71.317000
25.877390	0.830524	71.363000
25.937379	0.859687	71.409000
25.954228	0.868758	71.575000
25.971472	0.877534	71.621000
25.988116	0.887158	71.667000
26.004883	0.898791	71.712000
26.021078	0.908317	71.759000
26.037688	0.914908	71.804000
26.054613	0.923134	71.850000
26.071395	0.927358	71.896000
26.088864	0.931692	71.942000
26.105562	0.928784	71.988000
26.162081	0.928986	72.033000
26.178576	0.932428	72.189000
26.195917	0.933764	72.235000
26.212446	0.932755	72.281000
26.229997	0.929596	72.327000
26.246949	0.924858	72.372000
26.263330	0.922530	72.418000
26.279728	0.918603	72.464000
26.418252	0.855251	72.510000
26.435153	0.844868	72.888000
26.452491	0.836769	72.934000
26.469719	0.834954	72.980000
26.485947	0.830948	73.025000
26.502854	0.828488	73.071000
26.559322	0.827021	73.117000
26.576444	0.828306	73.273000
26.593763	0.826471	73.319000
26.610897	0.822758	73.364000
26.627436	0.819844	73.410000
26.643696	0.822334	73.456000
26.659800	0.823781	73.502000
26.676940	0.827405	73.547000
26.693832	0.831482	73.593000
26.751179	0.851768	73.639000
26.767645	0.857559	73.794000
26.784470	0.864122	73.840000
26.800943	0.868087	73.886000
26.817832	0.874670	73.932000
26.834466	0.880864	73.978000
26.851748	0.885814	74.024000
26.869376	0.888695	74.069000
26.886063	0.883544	74.115000
26.902524	0.875115	74.161000
27.040222	0.869343	74.207000
27.056860	0.882359	74.585000
27.073687	0.889145	74.631000
27.090681	0.893539	74.677000
27.147575	0.899633	74.722000
27.164499	0.908338	74.878000
27.180838	0.909371	74.924000
27.198337	0.914521	74.970000
27.215239	0.920352	75.015000
27.232792	0.924768	75.061000
27.249532	0.924178	75.107000
27.266142	0.922127	75.153000
27.282698	0.921496	75.199000
27.299557	0.925413	75.245000
27.315921	0.930670	75.290000
27.373514	0.940578	75.336000
27.390316	0.945906	75.491000
27.406986	0.947353	75.537000
27.422819	0.951858	75.583000
27.439573	0.957810	75.629000
27.456673	0.967417	75.675000
27.473317	0.978309	75.721000
27.490610	0.987330	75.766000
27.549898	0.997962	75.812000
27.567040	1.001172	75.975000
27.584347	1.003670	76.022000
27.601412	1.009465	76.067000
27.617912	1.014638	76.113000
27.634483	1.025333	76.159000
27.651037	1.034974	76.205000
27.667553	1.048768	76.251000
27.684621	1.062809	76.297000
27.701886	1.071011	76.342000
27.719118	1.080258	76.388000
27.775772	1.081535	76.434000
27.792249	1.090681	76.589000
27.809297	1.095097	76.635000
27.825747	1.101078	76.681000
27.843047	1.107338	76.727000
27.860430	1.115853	76.773000
27.877217	1.121743	76.819000
27.893083	1.128229	76.864000
27.954147	1.162974	76.910000
27.970842	1.171540	77.076000
27.987868	1.175633	77.122000
28.004570	1.174734	77.168000
28.020694	1.178187	77.214000
28.037759	1.190578	77.259000
28.054595	1.202071	77.305000
28.071720	1.213779	77.351000
28.089334	1.225821	77.397000
28.106053	1.233049	77.443000
28.122590	1.242887	77.489000
28.179449	1.249252	77.534000
28.196027	1.294755	77.690000
28.213422	1.306136	77.736000
28.230158	1.316441	77.782000
28.246490	1.320398	77.828000
28.263458	1.326874	77.873000
28.280362	1.330256	77.919000
28.297074	1.336980	77.965000
28.435983	1.362643	78.011000
28.452322	1.365173	78.388000
28.469210	1.367360	78.434000
28.485737	1.365626	78.480000
28.502084	1.362733	78.526000
28.518801	1.358661	78.571000
28.576540	1.359815	78.617000
28.593361	1.368676	78.773000
28.610161	1.367804	78.819000
28.626421	1.366620	78.865000
28.643526	1.365254	78.910000
28.660151	1.362824	78.956000
28.676732	1.360193	79.002000
28.694160	1.363510	79.048000
28.710974	1.367144	79.094000
28.767570	1.367603	79.139000
28.784456	1.369352	79.296000
28.801237	1.369331	79.341000
28.818838	1.368949	79.387000
28.835010	1.368218	79.433000
28.852073	1.373677	79.479000
28.869099	1.377652	79.525000
28.885824	1.379164	79.570000
28.902370	1.378384	79.616000
28.919138	1.374659	79.662000
29.057571	1.369962	79.707000
29.075212	1.372169	80.085000
29.091393	1.367361	80.131000
29.107628	1.360396	80.177000
29.165331	1.356984	80.223000
29.181570	1.357437	80.379000
29.198706	1.360113	80.425000
29.215819	1.359715	80.471000
29.232882	1.359886	80.517000
29.249709	1.359593	80.562000
29.266305	1.362336	80.609000
29.282984	1.362916	80.655000
29.299743	1.364473	80.700000
29.316244	1.366217	80.746000
29.333266	1.366811	80.792000
29.391632	1.363369	80.838000
29.407838	1.361020	80.994000
29.424348	1.360980	81.040000
29.441255	1.359886	81.085000
29.457975	1.363098	81.131000
29.474627	1.361671	81.177000
29.491386	1.362083	81.223000
29.509023	1.353602	81.268000
29.568217	1.345119	81.315000
29.584809	1.351032	81.476000
29.601786	1.355537	81.522000
29.618380	1.353299	81.567000
29.634788	1.350971	81.613000
29.651673	1.346213	81.659000
29.668000	1.341778	81.705000
29.685564	1.340614	81.751000
29.702635	1.341637	81.797000
29.719452	1.342862	81.843000
29.735904	1.347610	81.888000
29.791853	1.352649	81.934000
29.808851	1.380460	82.091000
29.826231	1.384276	82.136000
29.843379	1.384498	82.182000
29.860636	1.386705	82.228000
29.877146	1.388272	82.274000
29.893803	1.390671	82.320000
29.909979	1.391160	82.366000
29.970646	1.401840	82.412000
29.987461	1.402272	82.576000
30.004086	1.400706	82.622000
30.020215	1.400959	82.668000
30.037449	1.394541	82.713000
30.054960	1.391463	82.759000
30.071702	1.390359	82.805000
30.088177	1.387384	82.850000
30.104931	1.383402	82.896000
30.121593	1.378967	82.942000
30.137749	1.374169	82.988000
30.195139	1.371892	83.034000
30.212488	1.346183	83.189000
30.229745	1.338455	83.235000
30.245711	1.330386	83.281000
30.262386	1.323017	83.327000
30.279311	1.318532	83.373000
30.296013	1.310682	83.419000
30.312565	1.300657	83.465000
30.451505	1.235428	83.510000
30.468096	1.228155	83.888000
30.484705	1.219990	83.934000
30.501369	1.212685	83.980000
30.518238	1.210398	84.025000
30.535889	1.205014	84.071000
30.592792	1.203555	84.117000
30.609498	1.191391	84.273000
30.626263	1.188024	84.319000
30.643002	1.188196	84.365000
30.659629	1.183886	84.410000
30.676553	1.192859	84.456000
30.693814	1.203217	84.502000
30.709961	1.211899	84.548000
30.726187	1.218857	84.594000
30.783519	1.232107	84.639000
30.800839	1.238664	84.795000
30.817783	1.249152	84.841000
30.834644	1.258528	84.886000
30.851433	1.261849	84.932000
30.868090	1.257706	84.978000
30.884429	1.254631	85.024000
30.901577	1.256248	85.070000
30.918311	1.256359	85.116000
30.934854	1.251955	85.161000
31.074309	1.248810	85.207000
31.090982	1.282125	85.585000
31.107495	1.290748	85.631000
31.124485	1.300154	85.677000
31.180945	1.283582	85.723000
31.197853	1.280718	85.878000
31.214806	1.282831	85.924000
31.231868	1.283742	85.970000
31.248078	1.279797	86.016000
31.264741	1.276495	86.062000
31.281261	1.275231	86.107000
31.298126	1.277367	86.153000
31.315095	1.279076	86.199000
31.332286	1.282226	86.245000
31.349228	1.286822	86.290000
31.405733	1.288249	86.336000
31.422732	1.296842	86.492000
31.439083	1.303344	86.538000
31.456257	1.303687	86.583000
31.473207	1.303837	86.629000
31.490235	1.301761	86.675000
31.506968	1.301539	86.721000
31.523153	1.296126	86.766000
31.583843	1.285496	86.812000
31.600253	1.295112	86.976000
31.616692	1.300032	87.022000
31.633639	1.303167	87.068000
31.649978	1.301257	87.114000
31.667471	1.299462	87.159000
31.684198	1.294422	87.205000
31.700992	1.290506	87.251000
31.717485	1.295636	87.297000
31.734160	1.294401	87.342000
31.751112	1.289765	87.388000
31.807879	1.287305	87.434000
31.825674	1.303595	87.590000
31.842531	1.301469	87.636000
31.859324	1.290587	87.681000
31.875563	1.278500	87.727000
31.892443	1.273233	87.773000
31.909372	1.265169	87.818000
31.926239	1.258608	87.864000
31.986819	1.268446	87.910000
32.003723	1.269822	88.076000
32.020298	1.258991	88.122000
32.038156	1.272870	88.167000
32.054831	1.268064	88.213000
32.071585	1.265271	88.259000
32.088302	1.262241	88.305000
32.104418	1.264640	88.350000
32.120884	1.265634	88.396000
32.137298	1.263607	88.442000
32.154756	1.264066	88.488000
32.211900	1.269337	88.534000
32.228848	1.280068	88.690000
32.245075	1.278420	88.736000
32.261860	1.274958	88.782000
32.278790	1.271657	88.827000
32.295944	1.274297	88.873000
32.313120	1.273325	88.919000
32.330608	1.278744	88.964000
32.468380	1.323517	89.010000
32.485026	1.330735	89.389000
32.501607	1.337210	89.435000
32.518487	1.343803	89.480000
32.535679	1.352718	89.526000
32.552567	1.360284	89.572000
32.609202	1.361731	89.618000
32.626409	1.379710	89.774000
32.642917	1.383402	89.820000
32.659406	1.391784	89.866000
32.677174	1.395087	89.912000
32.693985	1.397486	89.957000
32.710335	1.402453	90.003000
32.727035	1.407201	90.049000
32.743951	1.409209	90.095000
32.800351	1.431689	90.140000
32.817781	1.442162	90.296000
32.834838	1.448345	90.342000
32.851346	1.460741	90.388000
32.868492	1.469054	90.434000
32.885119	1.478809	90.479000
32.901392	1.488012	90.525000
32.918365	1.493265	90.570000
32.935338	1.499358	90.616000
32.952337	1.501478	90.662000
33.090351	1.504072	90.708000
33.107566	1.594753	91.086000
33.124017	1.605196	91.131000
33.140855	1.617451	91.177000
33.197620	1.638354	91.223000
33.214727	1.640446	91.379000
33.231285	1.641218	91.424000
33.247931	1.642291	91.470000
33.264985	1.645865	91.516000
33.281689	1.646239	91.562000
33.298842	1.653612	91.608000
33.315799	1.664836	91.654000
33.332546	1.671630	91.700000
33.348896	1.680083	91.745000
33.365235	1.686256	91.791000
33.422334	1.687370	91.837000
33.439860	1.719733	91.993000
33.457175	1.730891	92.039000
33.473702	1.739959	92.085000
33.490575	1.748370	92.130000
33.507536	1.756711	92.176000
33.524098	1.752784	92.222000
33.540153	1.762320	92.268000
33.600360	1.792172	92.314000
33.617275	1.804697	92.476000
33.633729	1.815678	92.522000
33.650798	1.825093	92.568000
33.667974	1.837396	92.614000
33.684986	1.844356	92.660000
33.700963	1.854200	92.706000
33.717602	1.863854	92.752000
33.734709	1.875301	92.798000
33.751620	1.886683	92.844000
33.768140	1.900746	92.889000
33.826227	1.914959	92.935000
33.843226	1.948847	93.091000
33.859404	1.956856	93.137000
33.876081	1.966407	93.183000
33.892935	1.977193	93.228000
33.909512	1.994853	93.274000
33.927149	2.008521	93.320000
33.943876	2.020383	93.366000
34.003327	2.047552	93.411000
34.020376	2.057375	93.576000
34.037914	2.072007	93.622000
34.054625	2.086202	93.668000
34.071002	2.098654	93.714000
34.087833	2.116592	93.760000
34.103880	2.129111	93.806000
34.120603	2.144278	93.852000
34.137860	2.158299	93.898000
34.155586	2.166323	93.944000
34.172040	2.173877	93.989000
34.228894	2.185489	94.035000
34.245617	2.218214	94.191000
34.262017	2.224318	94.237000
34.278809	2.229997	94.283000
34.296093	2.241419	94.329000
34.313469	2.256594	94.375000
34.330019	2.267577	94.420000
34.346381	2.287863	94.466000
34.483719	2.426304	94.512000
34.501095	2.442199	94.889000
34.518668	2.458254	94.934000
34.534591	2.473038	94.980000
34.551918	2.486540	95.026000
34.568341	2.498339	95.071000
34.625060	2.508920	95.117000
34.642513	2.544071	95.273000
34.659398	2.555435	95.319000
34.676540	2.568423	95.365000
34.693524	2.585469	95.411000
34.709897	2.605432	95.457000
34.726486	2.623626	95.503000
34.743240	2.644861	95.548000
34.760039	2.666558	95.594000
34.817450	2.739758	95.640000
34.834223	2.757852	95.795000
34.850912	2.771515	95.841000
34.867516	2.779919	95.887000
34.884573	2.788172	95.933000
34.901415	2.799316	95.979000
34.918703	2.813478	96.025000
34.935161	2.831015	96.071000
34.951815	2.848807	96.116000
34.968480	2.872013	96.162000
35.106725	2.898583	96.208000
35.123482	3.050536	96.586000
35.140905	3.058180	96.632000
35.157727	3.071175	96.677000
35.214216	3.147123	96.723000
35.231235	3.162839	96.879000
35.248066	3.177487	96.924000
35.264800	3.190464	96.970000
35.281723	3.205479	97.016000
35.298035	3.221393	97.062000
35.315081	3.241628	97.108000
35.331650	3.264287	97.153000
35.348488	3.280731	97.199000
35.364524	3.293869	97.245000
35.382130	3.309187	97.290000
35.439733	3.326646	97.337000
35.456314	3.387556	97.492000
35.472934	3.409626	97.538000
35.489541	3.429223	97.584000
35.506249	3.445835	97.630000
35.522726	3.459255	97.675000
35.539580	3.465348	97.721000
35.557229	3.470544	97.767000
35.616534	3.500719	97.813000
35.634079	3.511571	97.977000
35.651466	3.520704	98.023000
35.668086	3.531685	98.068000
35.684574	3.544291	98.114000
35.701320	3.559017	98.160000
35.717763	3.574112	98.206000
35.734778	3.593220	98.251000
35.751839	3.612808	98.297000
35.768305	3.627547	98.343000
35.785066	3.645258	98.389000
35.841793	3.663851	98.434000
35.859258	3.733723	98.590000
35.875055	3.756380	98.636000
35.892085	3.780062	98.682000
35.909431	3.802409	98.727000
35.926146	3.820482	98.773000
35.942904	3.836555	98.819000
35.959615	3.852613	98.865000
36.020737	3.921060	98.911000
36.037518	3.946085	99.077000
36.054172	3.970675	99.123000
36.070584	3.997826	99.169000
36.087825	4.023337	99.215000
36.104325	4.042093	99.260000
36.121387	4.054363	99.306000
36.138263	4.063019	99.352000
36.154906	4.073755	99.398000
36.171325	4.091345	99.443000
36.188382	4.113422	99.489000
36.245232	4.138922	99.535000
36.262232	4.219841	99.691000
36.279608	4.243917	99.737000
36.296201	4.271401	99.783000
36.313634	4.297630	99.829000
36.329512	4.326918	99.874000
36.345916	4.350726	99.920000
36.362612	4.377483	99.966000
36.502163	4.573164	100.012000
36.518333	4.609055	100.389000
36.534810	4.643483	100.435000
36.551479	4.675459	100.481000
36.568587	4.707852	100.526000
36.585145	4.730688	100.572000
36.643235	4.760409	100.618000
36.660066	4.883306	100.773000
36.676693	4.922468	100.819000
36.693043	4.964811	100.866000
36.709463	5.005271	100.911000
36.726159	5.047102	100.957000
36.743485	5.067811	101.002000
36.760408	5.114524	101.048000
36.777600	5.115345	101.094000
36.834054	5.052543	101.140000
36.850412	5.069709	101.296000
36.867400	5.103713	101.341000
36.884192	5.142567	101.387000
36.901349	5.183880	101.433000
36.918591	5.222284	101.479000
36.935091	5.246173	101.525000
36.951822	5.272190	101.571000
36.967957	5.297642	101.617000
36.984938	5.330271	101.663000
37.124189	5.365092	101.709000
37.141177	5.633920	102.086000
37.157186	5.662629	102.132000
37.173647	5.685194	102.178000
37.230751	5.767102	102.223000
37.247366	5.801883	102.379000
37.264873	5.848305	102.425000
37.281500	5.894961	102.471000
37.298327	5.943531	102.517000
37.315303	5.994700	102.562000
37.331685	6.034694	102.608000
37.348285	6.069251	102.654000
37.364485	6.098056	102.700000
37.381896	6.128432	102.745000
37.398715	6.166232	102.791000
37.455596	6.212580	102.837000
37.472157	6.408056	102.992000
37.488953	6.472811	103.038000
37.505492	6.538084	103.084000
37.522276	6.593631	103.130000
37.539395	6.635796	103.175000
37.556733	6.665752	103.222000
37.573249	6.691196	103.267000
37.633448	6.748303	103.313000
37.650145	6.779630	103.477000
37.666906	6.825380	103.522000
37.683525	6.885855	103.569000
37.700544	6.948158	103.614000
37.717190	7.010177	103.660000
37.734348	7.057000	103.706000
37.750629	7.081223	103.752000
37.767709	7.093973	103.798000
37.784040	7.125382	103.844000
37.800525	7.160305	103.889000
37.858535	7.205459	103.935000
37.874655	7.349695	104.091000
37.892193	7.394044	104.137000
37.908823	7.430599	104.183000
37.925865	7.469352	104.229000
37.942104	7.511664	104.275000
37.959442	7.558125	104.321000
37.975727	7.611552	104.366000
38.036154	7.791019	104.412000
38.053065	7.827141	104.577000
38.069903	7.868707	104.623000
38.086580	7.838154	104.669000
38.103491	7.883902	104.714000
38.120533	7.918934	104.760000
38.137748	7.961583	104.806000
38.154375	7.984230	104.852000
38.170802	8.014474	104.897000
38.187637	8.062404	104.943000
38.204191	8.131975	104.989000
38.261874	8.208991	105.035000
38.278505	8.339809	105.190000
38.294971	8.359887	105.236000
38.311752	8.398878	105.282000
38.328263	8.453592	105.328000
38.344575	8.496413	105.374000
38.361690	8.537770	105.420000
38.379066	8.582848	105.466000
38.517987	9.081875	105.511000
38.534599	9.106315	105.889000
38.551571	9.099531	105.935000
38.568256	9.096891	105.981000
38.584845	9.111692	106.027000
38.602086	9.155269	106.073000
38.659009	9.218312	106.118000
38.675506	9.491978	106.274000
38.692156	9.567930	106.320000
38.708660	9.639208	106.365000
38.725275	9.711843	106.411000
38.742847	9.783527	106.457000
38.759586	9.843184	106.502000
38.776428	9.866126	106.548000
38.792870	9.880450	106.594000
38.849974	10.058450	106.640000
38.866244	10.135048	106.796000
38.883842	10.198291	106.842000
38.901403	10.252645	106.887000
38.917753	10.315750	106.933000
38.934269	10.383567	106.979000
38.950631	10.463063	107.025000
38.967323	10.549614	107.071000
38.984273	10.631052	107.117000
39.001415	10.694727	107.163000
39.140105	10.744932	107.209000
39.156209	11.229431	107.586000
39.172863	11.268689	107.632000
39.189878	11.324032	107.678000
39.247289	11.500543	107.724000
39.264035	11.543323	107.879000
39.280393	11.606060	107.925000
39.297132	11.684393	107.971000
39.314201	11.773082	108.017000
39.331031	11.878240	108.062000
39.347531	11.975432	108.108000
39.364673	12.077090	108.154000
39.382130	12.165190	108.200000
39.398738	12.253811	108.246000
39.415138	12.342751	108.292000
39.472000	12.433920	108.337000
39.488976	12.729617	108.493000
39.505588	12.796610	108.538000
39.522599	12.866246	108.584000
39.539844	12.940812	108.630000
39.556395	13.016864	108.676000
39.573137	13.094015	108.722000
39.589975	13.172660	108.767000
39.649760	13.428402	108.813000
39.666602	13.498241	108.977000
39.683406	13.570179	109.023000
39.699587	13.642585	109.069000
39.716821	13.716664	109.115000
39.734290	13.792234	109.160000
39.750525	13.871277	109.206000
39.767037	13.950626	109.252000
39.783694	14.028318	109.298000
39.800794	14.106189	109.344000
39.817206	14.172405	109.390000
39.874689	14.228115	109.436000
39.892092	14.354584	109.592000
39.908816	14.413753	109.637000
39.925112	14.490626	109.683000
39.941973	14.580684	109.729000
39.958485	14.671011	109.775000
39.975274	14.755033	109.821000
39.992838	14.826090	109.867000
40.052684	14.999900	109.913000
40.070187	15.066459	110.077000
40.086518	15.149245	110.123000
40.103457	15.244917	110.169000
40.120395	15.336053	110.215000
40.137214	15.408893	110.260000
40.153365	15.488958	110.306000
40.170333	15.569619	110.352000
40.186984	15.664542	110.398000
40.204225	15.752535	110.443000
40.220756	15.815117	110.489000
40.277806	15.848501	110.535000
40.294702	16.082452	110.690000
40.311363	16.174647	110.736000
40.328486	16.247477	110.782000
40.345082	16.312633	110.828000
40.362566	16.376034	110.874000
40.379404	16.460949	110.920000
40.395950	16.572191	110.966000
40.534303	17.427532	111.011000
40.551494	17.559830	111.390000
40.568137	17.703563	111.435000
40.584706	17.830331	111.481000
40.601833	17.933013	111.527000
40.618264	18.037042	111.572000
40.675275	18.144261	111.619000
40.691956	18.532575	111.774000
40.708617	18.639972	111.820000
40.726178	18.723616	111.866000
40.742885	18.801850	111.911000
40.759213	18.885453	111.957000
40.776170	18.980037	112.003000
40.792305	19.088557	112.049000
40.809086	19.202373	112.094000
40.866716	19.572339	112.140000
40.884127	19.631412	112.295000
40.900903	19.665068	112.342000
40.917135	19.686278	112.387000
40.933512	19.694520	112.433000
40.950385	19.713798	112.479000
40.966616	19.752896	112.525000
40.984326	19.799714	112.571000
41.001276	19.871316	112.617000
41.017988	19.975165	112.663000
