Sample	2mm tape 
date	08/01/2026
	
Temperature (K)	77.00
Angle (deg.)	90.000000
field / T	0.000000
	
		
Approx. trace time (s)	90.0	
		
Current / A	V1  -sample/ uV	time/s
-0.019171	-0.023116	0.000000
-0.019678	-0.023822	0.046000
-0.019356	-0.021413	0.092000
-0.019392	-0.004227	0.480000
-0.019672	-0.000866	0.526000
-0.019368	0.005068	0.572000
-0.017529	0.023277	0.618000
0.010979	0.029169	0.774000
0.049176	0.036764	0.820000
0.082450	0.046472	0.866000
0.113962	0.055237	0.912000
0.148344	0.064320	0.957000
0.182160	0.075912	1.003000
0.215782	0.088910	1.049000
0.247413	0.100583	1.095000
0.279824	0.108174	1.140000
0.313347	0.115331	1.186000
0.424495	0.119978	1.232000
0.458566	0.157701	1.388000
0.492191	0.171507	1.434000
0.525393	0.187315	1.480000
0.558741	0.203800	1.526000
0.590312	0.219845	1.572000
0.623676	0.236663	1.618000
0.656384	0.256345	1.663000
0.770134	0.323212	1.709000
0.803603	0.337153	1.865000
0.836356	0.347682	1.911000
0.868853	0.358385	1.957000
0.902362	0.368292	2.003000
0.934748	0.381493	2.048000
0.968268	0.395938	2.095000
1.001355	0.407361	2.140000
1.034884	0.414528	2.186000
1.067762	0.418071	2.232000
1.101028	0.418524	2.278000
1.211824	0.417576	2.323000
1.245117	0.410172	2.479000
1.278851	0.407631	2.525000
1.312038	0.404240	2.571000
1.345789	0.399219	2.617000
1.379430	0.393776	2.663000
1.411807	0.387617	2.709000
1.444146	0.381392	2.755000
1.563714	0.357602	2.800000
1.596480	0.349382	2.964000
1.629146	0.341564	3.010000
1.661565	0.336179	3.056000
1.695370	0.329032	3.102000
1.727861	0.320113	3.148000
1.762911	0.315182	3.193000
1.795009	0.316116	3.240000
1.828357	0.319341	3.285000
1.860507	0.320698	3.331000
1.893517	0.318094	3.377000
2.006614	0.311830	3.422000
2.040013	0.280602	3.578000
2.074090	0.272829	3.624000
2.105960	0.269280	3.670000
2.138550	0.267353	3.716000
2.171454	0.265793	3.761000
2.205390	0.266510	3.807000
2.237588	0.266838	3.853000
2.512125	0.276741	3.899000
2.544232	0.277301	4.277000
2.576433	0.281890	4.322000
2.609599	0.286483	4.368000
2.643307	0.289960	4.414000
2.677090	0.294947	4.460000
2.794457	0.298955	4.505000
2.827112	0.312527	4.668000
2.861115	0.319422	4.714000
2.894094	0.326963	4.760000
2.926693	0.334953	4.806000
2.960037	0.341116	4.851000
2.992067	0.345319	4.897000
3.025372	0.349190	4.943000
3.151568	0.379543	4.989000
3.185070	0.394049	5.164000
3.218635	0.407462	5.210000
3.251797	0.421615	5.256000
3.284354	0.433429	5.302000
3.317341	0.443846	5.348000
3.349721	0.450462	5.393000
3.382724	0.455311	5.439000
3.416890	0.458733	5.485000
3.449848	0.462836	5.531000
3.483652	0.467584	5.577000
3.748574	0.469943	5.622000
3.782205	0.456133	5.990000
3.814988	0.453350	6.036000
3.847644	0.452760	6.082000
3.960879	0.453995	6.128000
3.993726	0.458371	6.284000
4.027516	0.461274	6.330000
4.061092	0.465729	6.376000
4.093455	0.470013	6.422000
4.125384	0.473179	6.467000
4.158508	0.477059	6.514000
4.192663	0.472473	6.559000
4.225791	0.479469	6.605000
4.259652	0.487830	6.651000
4.383995	0.496827	6.697000
4.416638	0.528152	6.868000
4.448792	0.534931	6.914000
4.482308	0.541463	6.960000
4.515859	0.546282	7.006000
4.549084	0.551412	7.052000
4.582996	0.557581	7.098000
4.616261	0.563976	7.144000
4.742534	0.584210	7.190000
4.775373	0.582283	7.364000
4.807211	0.580126	7.410000
4.840335	0.580520	7.456000
4.874137	0.581737	7.502000
4.907367	0.583887	7.547000
4.940980	0.587017	7.593000
4.973778	0.586037	7.639000
5.006349	0.583196	7.685000
5.038523	0.579870	7.730000
5.072008	0.579142	7.776000
5.185343	0.580278	7.822000
5.219258	0.590953	7.978000
5.252435	0.596334	8.024000
5.284704	0.598141	8.070000
5.317909	0.600544	8.116000
5.350514	0.599267	8.162000
5.383145	0.598293	8.208000
5.416501	0.596536	8.253000
5.535642	0.600594	8.299000
5.568523	0.600837	8.465000
5.602249	0.599297	8.510000
5.635915	0.597389	8.556000
5.669552	0.596864	8.602000
5.702978	0.598586	8.648000
5.734919	0.603462	8.693000
5.767204	0.610589	8.739000
5.801132	0.618315	8.785000
5.834079	0.623757	8.831000
5.867538	0.629233	8.876000
5.980282	0.635315	8.922000
6.013935	0.660825	9.078000
6.046284	0.657802	9.124000
6.078893	0.659049	9.170000
6.112429	0.664278	9.216000
6.145025	0.670199	9.262000
6.178704	0.675757	9.308000
6.211736	0.676438	9.353000
6.484134	0.693468	9.399000
6.517292	0.702604	9.777000
6.550573	0.709963	9.823000
6.584504	0.714606	9.869000
6.618272	0.716227	9.915000
6.651352	0.717211	9.960000
6.768325	0.718448	10.006000
6.800762	0.728537	10.168000
6.833747	0.725514	10.214000
6.866616	0.718589	10.260000
6.899582	0.709508	10.306000
6.932490	0.701731	10.352000
6.965897	0.697859	10.398000
6.999502	0.698051	10.443000
7.126158	0.724979	10.489000
7.159447	0.728810	10.665000
7.192833	0.736472	10.710000
7.225017	0.744462	10.757000
7.257258	0.749682	10.802000
7.290373	0.745699	10.848000
7.324253	0.736523	10.894000
7.357863	0.734151	10.940000
7.391111	0.738421	10.986000
7.424292	0.744200	11.032000
7.457470	0.751185	11.077000
7.722792	0.755950	11.123000
7.755492	0.803992	11.492000
7.788274	0.805377	11.538000
7.821495	0.807766	11.584000
7.935097	0.789506	11.629000
7.968544	0.777565	11.785000
8.001596	0.766464	11.831000
8.033872	0.757813	11.877000
8.066372	0.753405	11.923000
8.099366	0.751427	11.969000
8.132443	0.747737	12.014000
8.166162	0.743811	12.060000
8.199508	0.738986	12.106000
8.232555	0.734751	12.151000
8.355069	0.735624	12.197000
8.388186	0.726447	12.369000
8.421839	0.718417	12.414000
8.455358	0.707843	12.460000
8.489238	0.703931	12.506000
8.522101	0.703850	12.552000
8.554422	0.702155	12.598000
8.586322	0.695942	12.643000
8.713353	0.670239	12.689000
8.746899	0.666438	12.865000
8.779857	0.660865	12.910000
8.813092	0.657448	12.957000
8.846762	0.657963	13.002000
8.880281	0.662425	13.048000
8.912528	0.670344	13.094000
8.945051	0.685266	13.140000
8.978491	0.699999	13.186000
9.011126	0.714829	13.231000
9.044402	0.728456	13.277000
9.157049	0.741534	13.323000
9.189644	0.761780	13.478000
9.222433	0.765731	13.524000
9.254760	0.766686	13.570000
9.288675	0.767892	13.616000
9.321702	0.770628	13.662000
9.355683	0.775106	13.708000
9.388532	0.782983	13.754000
9.555929	0.793342	13.799000
9.589034	0.806058	14.032000
9.622052	0.812342	14.078000
9.655975	0.815887	14.124000
9.689438	0.816037	14.169000
9.721927	0.815382	14.215000
9.754640	0.815156	14.261000
9.787329	0.816779	14.307000
9.820637	0.818588	14.353000
9.944839	0.816829	14.398000
9.977659	0.791305	14.569000
10.010137	0.784522	14.614000
10.042542	0.780745	14.660000
10.075246	0.777242	14.706000
10.108359	0.772627	14.752000
10.141632	0.766156	14.798000
10.175190	0.755117	14.843000
10.454470	0.675635	14.889000
10.488351	0.662414	15.277000
10.522117	0.651385	15.323000
10.554525	0.640170	15.369000
10.587715	0.630146	15.415000
10.620487	0.617149	15.460000
10.786278	0.600503	15.507000
10.819615	0.536755	15.736000
10.852413	0.526784	15.782000
10.884779	0.519249	15.827000
10.917534	0.516165	15.873000
10.951042	0.517723	15.919000
10.984867	0.518827	15.964000
11.097597	0.511822	16.011000
11.130303	0.513469	16.167000
11.162893	0.516810	16.213000
11.195651	0.513368	16.259000
11.228839	0.503025	16.305000
11.262417	0.494866	16.351000
11.295754	0.488535	16.396000
11.329682	0.483626	16.442000
11.362374	0.481057	16.488000
11.394698	0.479660	16.534000
11.427534	0.480592	16.579000
11.692939	0.483547	16.625000
11.725834	0.495480	16.993000
11.758932	0.497214	17.039000
11.889145	0.509966	17.085000
11.922427	0.514940	17.265000
11.955246	0.522562	17.310000
11.988989	0.530731	17.356000
12.022208	0.537127	17.403000
12.054932	0.539184	17.448000
12.088291	0.536371	17.494000
12.120545	0.534214	17.540000
12.154468	0.532531	17.585000
12.187303	0.533493	17.631000
12.221159	0.534446	17.677000
12.333568	0.539975	17.723000
12.366407	0.546683	17.879000
12.399015	0.544783	17.924000
12.431346	0.541482	17.970000
12.464977	0.534436	18.016000
12.498821	0.527198	18.061000
12.531945	0.519950	18.108000
12.565723	0.513337	18.154000
12.683601	0.496826	18.200000
12.717620	0.491887	18.365000
12.750712	0.484489	18.410000
12.783519	0.474555	18.457000
12.817074	0.466288	18.502000
12.849401	0.458482	18.548000
12.882333	0.449600	18.594000
12.915732	0.439813	18.640000
12.948714	0.428670	18.686000
12.982663	0.417950	18.731000
13.014961	0.409048	18.777000
13.126853	0.400284	18.823000
13.160139	0.374055	18.978000
13.193243	0.365943	19.025000
13.226732	0.358958	19.070000
13.259995	0.351981	19.116000
13.293496	0.346101	19.162000
13.326723	0.338481	19.208000
13.358579	0.333847	19.253000
13.479643	0.330471	19.299000
13.512856	0.324938	19.465000
13.545232	0.312649	19.511000
13.577833	0.302664	19.557000
13.610873	0.297758	19.603000
13.643894	0.299621	19.649000
13.677414	0.302014	19.694000
13.710553	0.304622	19.740000
13.743999	0.301832	19.786000
13.776911	0.297869	19.832000
13.809175	0.296124	19.877000
13.921555	0.296299	19.923000
13.954380	0.290662	20.079000
13.988334	0.288683	20.124000
14.021856	0.284650	20.170000
14.054723	0.278841	20.216000
14.087648	0.273334	20.262000
14.119559	0.270184	20.308000
14.153644	0.268044	20.353000
14.426418	0.240161	20.399000
14.459877	0.238319	20.777000
14.492869	0.236774	20.823000
14.524778	0.236764	20.869000
14.558516	0.237909	20.915000
14.591513	0.241660	20.961000
14.708589	0.244775	21.007000
14.741829	0.239606	21.169000
14.774596	0.224165	21.215000
14.808120	0.210598	21.260000
14.842084	0.196112	21.306000
14.874969	0.184871	21.352000
14.907118	0.178108	21.398000
14.940086	0.172848	21.444000
15.066289	0.170310	21.489000
15.099613	0.165934	21.665000
15.132461	0.163915	21.711000
15.166367	0.164656	21.757000
15.199972	0.164248	21.803000
15.232087	0.162870	21.848000
15.265283	0.157378	21.894000
15.297634	0.150746	21.940000
15.331008	0.143558	21.986000
15.364168	0.135946	22.032000
15.397203	0.128807	22.077000
15.663643	0.124504	22.123000
15.696993	0.089801	22.491000
15.730028	0.088269	22.537000
15.762473	0.090770	22.583000
15.874222	0.101767	22.629000
15.907791	0.103596	22.785000
15.941441	0.106076	22.831000
15.975235	0.109308	22.876000
16.008844	0.111515	22.922000
16.041867	0.109947	22.968000
16.074122	0.108415	23.014000
16.106899	0.105965	23.060000
16.139987	0.102584	23.106000
16.172574	0.098072	23.152000
16.297200	0.094141	23.197000
16.331161	0.088138	23.369000
16.363610	0.088849	23.415000
16.395782	0.090406	23.460000
16.428704	0.093920	23.506000
16.462196	0.096409	23.552000
16.495383	0.101969	23.598000
16.528820	0.109096	23.643000
16.655862	0.127663	23.689000
16.688968	0.132509	23.865000
16.721321	0.135801	23.910000
16.753686	0.138723	23.956000
16.786957	0.141570	24.002000
16.820132	0.146456	24.048000
16.853424	0.156071	24.094000
16.887589	0.165984	24.140000
16.920472	0.173646	24.186000
16.953200	0.177064	24.231000
16.986033	0.179466	24.277000
17.098039	0.184402	24.323000
17.131299	0.198171	24.479000
17.164996	0.198575	24.525000
17.198688	0.197359	24.570000
17.230999	0.195991	24.616000
17.263260	0.193346	24.662000
17.296197	0.190640	24.708000
17.329432	0.187537	24.753000
17.450072	0.200392	24.799000
17.482043	0.202083	24.965000
17.515458	0.201891	25.011000
17.549067	0.199570	25.057000
17.581747	0.196405	25.103000
17.615264	0.194300	25.149000
17.648743	0.196415	25.194000
17.681841	0.199075	25.240000
17.713839	0.201281	25.286000
17.747295	0.202316	25.332000
17.780474	0.202895	25.378000
17.893094	0.204233	25.423000
17.926532	0.190721	25.579000
17.959656	0.186522	25.625000
17.992764	0.183237	25.671000
18.025620	0.185710	25.716000
18.058177	0.193820	25.762000
18.091479	0.204576	25.808000
18.125413	0.217069	25.854000
18.397743	0.324298	25.900000
18.430450	0.333574	26.277000
18.463408	0.341298	26.323000
18.496213	0.348846	26.369000
18.529373	0.356845	26.415000
18.563209	0.366064	26.460000
18.679993	0.378448	26.507000
18.713831	0.423200	26.669000
18.746862	0.430634	26.715000
18.780180	0.435392	26.760000
18.812788	0.438307	26.807000
18.845061	0.442353	26.852000
18.877994	0.450940	26.898000
18.911177	0.462166	26.944000
19.038252	0.475274	26.990000
19.071803	0.479040	27.165000
19.103863	0.483183	27.211000
19.137641	0.486676	27.257000
19.169992	0.487391	27.303000
19.202564	0.487341	27.349000
19.235985	0.489892	27.394000
19.269745	0.490803	27.441000
19.303611	0.493802	27.486000
19.337009	0.496796	27.532000
19.370308	0.503137	27.578000
19.635201	0.508873	27.624000
19.668332	0.467367	27.991000
19.701098	0.457902	28.037000
19.734427	0.450241	28.083000
19.847093	0.442032	28.129000
19.880727	0.448325	28.285000
19.913874	0.454237	28.331000
19.946747	0.458340	28.377000
19.979041	0.463400	28.423000
20.012095	0.466152	28.468000
20.045528	0.470023	28.514000
20.078478	0.471822	28.560000
20.112241	0.474791	28.605000
20.146056	0.477704	28.651000
20.269195	0.483828	28.697000
20.301744	0.514724	28.869000
20.334581	0.520687	28.915000
20.368344	0.527340	28.961000
20.401431	0.528968	29.007000
20.435306	0.525303	29.053000
20.468800	0.518999	29.099000
20.501380	0.515001	29.145000
20.627561	0.515938	29.191000
20.660296	0.517804	29.365000
20.693089	0.515726	29.411000
20.726580	0.515767	29.457000
20.759732	0.517490	29.503000
20.792984	0.523403	29.549000
20.826334	0.534467	29.594000
20.858868	0.546119	29.640000
20.891267	0.557448	29.686000
20.923708	0.567755	29.732000
20.957458	0.575104	29.777000
21.071578	0.578279	29.823000
21.104368	0.584058	29.979000
21.136773	0.585860	30.025000
21.169496	0.586642	30.071000
21.201573	0.590322	30.117000
21.235434	0.590730	30.163000
21.268288	0.588020	30.208000
21.301742	0.583735	30.254000
21.420922	0.570188	30.300000
21.453819	0.566802	30.465000
21.487407	0.562021	30.511000
21.520794	0.556169	30.557000
21.554328	0.551890	30.603000
21.587665	0.548347	30.649000
21.620196	0.543599	30.695000
21.652782	0.539507	30.741000
21.685671	0.537495	30.786000
21.719588	0.542374	30.832000
21.752895	0.548034	30.878000
21.865331	0.551220	30.924000
21.898226	0.561002	31.079000
21.930562	0.571223	31.125000
21.963968	0.582090	31.171000
21.997250	0.593618	31.216000
22.030643	0.603652	31.262000
22.064258	0.614075	31.308000
22.097137	0.624761	31.354000
22.368805	0.740262	31.400000
22.401675	0.749095	31.778000
22.435330	0.756101	31.824000
22.469241	0.762955	31.869000
22.501838	0.770203	31.915000
22.535048	0.779046	31.961000
22.652100	0.790650	32.007000
22.685412	0.832750	32.169000
22.717688	0.843169	32.215000
22.750031	0.851531	32.261000
22.783491	0.859090	32.307000
22.816781	0.862920	32.352000
22.850177	0.863788	32.398000
22.884065	0.863869	32.444000
23.010299	0.870159	32.490000
23.043017	0.870250	32.665000
23.076463	0.870723	32.711000
23.108328	0.871566	32.757000
23.141319	0.870422	32.803000
23.174529	0.866419	32.849000
23.207543	0.859813	32.894000
23.241021	0.849696	32.940000
23.274256	0.839283	32.985000
23.306642	0.833924	33.031000
23.338768	0.835018	33.077000
23.605411	0.837387	33.123000
23.638537	0.846844	33.490000
23.671541	0.849676	33.536000
23.705031	0.852423	33.582000
23.818059	0.867382	33.628000
23.850892	0.870331	33.784000
23.883428	0.870149	33.830000
23.915804	0.866187	33.876000
23.949780	0.860164	33.921000
23.982832	0.854761	33.967000
24.016207	0.852797	34.013000
24.050137	0.851451	34.059000
24.082836	0.848239	34.105000
24.115356	0.844193	34.151000
24.239099	0.839536	34.196000
24.272996	0.820595	34.369000
24.306446	0.817842	34.415000
24.340368	0.817031	34.461000
24.373501	0.815514	34.507000
24.406079	0.815332	34.552000
24.438793	0.814400	34.598000
24.471337	0.813286	34.644000
24.598112	0.810856	34.690000
24.631032	0.811683	34.865000
24.664812	0.812827	34.911000
24.698627	0.811147	34.957000
24.731618	0.809172	35.003000
24.764263	0.805004	35.049000
24.796814	0.808154	35.094000
24.830043	0.816808	35.140000
24.862744	0.826264	35.186000
24.895840	0.836243	35.232000
24.930252	0.844897	35.278000
25.042611	0.856782	35.324000
25.075128	0.899839	35.479000
25.107711	0.908292	35.525000
25.141111	0.914879	35.571000
25.174317	0.921503	35.617000
25.207446	0.928357	35.663000
25.241136	0.939269	35.709000
25.273661	0.949207	35.754000
25.393040	0.965115	35.801000
25.426363	0.964173	35.966000
25.459564	0.962418	36.011000
25.492885	0.961713	36.057000
25.525643	0.963688	36.103000
25.557987	0.966107	36.149000
25.591646	0.966016	36.195000
25.624689	0.965256	36.241000
25.658719	0.965589	36.287000
25.691890	0.968361	36.333000
25.725065	0.973769	36.378000
25.836604	0.983647	36.424000
25.869224	1.014655	36.580000
25.902186	1.020758	36.626000
25.936032	1.025967	36.672000
25.969820	1.030853	36.718000
26.002980	1.037990	36.763000
26.035418	1.047630	36.809000
26.068424	1.053591	36.855000
26.340591	1.089448	36.901000
26.374362	1.090992	37.278000
26.407347	1.089185	37.324000
26.440403	1.085749	37.370000
26.472867	1.082729	37.415000
26.504665	1.080964	37.460000
26.623137	1.081463	37.506000
26.655805	1.096485	37.669000
26.688915	1.092138	37.715000
26.721798	1.090514	37.761000
26.755749	1.095126	37.807000
26.789631	1.104355	37.853000
26.822805	1.114045	37.899000
26.855112	1.123837	37.945000
26.981351	1.153289	37.990000
27.014042	1.163813	38.166000
27.046950	1.174559	38.211000
27.079835	1.184517	38.257000
27.113579	1.192992	38.303000
27.147346	1.203562	38.349000
27.180692	1.213142	38.395000
27.213710	1.222613	38.441000
27.246303	1.228919	38.487000
27.279607	1.234659	38.533000
27.312001	1.236977	38.578000
27.576926	1.237784	38.624000
27.610710	1.224911	38.992000
27.644756	1.217903	39.038000
27.677583	1.210532	39.083000
27.789627	1.192820	39.129000
27.822611	1.187647	39.285000
27.855601	1.182428	39.331000
27.888850	1.177451	39.377000
27.922407	1.170657	39.423000
27.955857	1.163611	39.469000
27.989409	1.156797	39.515000
28.021549	1.150998	39.560000
28.053844	1.144895	39.606000
28.087027	1.140852	39.652000
28.212077	1.136098	39.697000
28.245646	1.109962	39.870000
28.279019	1.096252	39.915000
28.311780	1.081695	39.962000
28.344738	1.069581	40.007000
28.376745	1.059138	40.053000
28.410091	1.049831	40.099000
28.443831	1.044163	40.144000
28.570776	1.012076	40.190000
28.603695	0.997509	40.366000
28.636922	0.983874	40.411000
28.669606	0.969363	40.457000
28.702873	0.954086	40.503000
28.735094	0.937903	40.549000
28.768240	0.923538	40.595000
28.801807	0.912168	40.641000
28.835284	0.902011	40.687000
28.868352	0.893957	40.732000
28.901487	0.887485	40.778000
29.012824	0.883922	40.824000
29.046005	0.886492	40.980000
29.079251	0.887374	41.025000
29.113598	0.888993	41.071000
29.146800	0.887454	41.117000
29.179689	0.891861	41.163000
29.212039	0.903236	41.209000
29.244661	0.913242	41.254000
29.365677	0.933529	41.300000
29.398670	0.937691	41.466000
29.430785	0.937994	41.511000
29.463910	0.941537	41.557000
29.497018	0.952399	41.603000
29.530451	0.960134	41.649000
29.563647	0.962705	41.695000
29.597245	0.968016	41.741000
29.630503	0.978707	41.787000
29.662212	0.988925	41.832000
29.694673	0.991425	41.878000
29.807543	0.995888	41.923000
29.841558	1.044530	42.080000
29.875002	1.056523	42.125000
29.907326	1.065820	42.171000
29.940807	1.074831	42.217000
29.972989	1.087999	42.263000
30.005669	1.102052	42.308000
30.038811	1.115625	42.354000
30.312529	1.178077	42.400000
30.345752	1.182811	42.778000
30.377821	1.186960	42.824000
30.411249	1.189342	42.870000
30.444106	1.192402	42.916000
30.477241	1.195424	42.961000
30.593991	1.197176	43.007000
30.627512	1.189140	43.170000
30.661392	1.184789	43.216000
30.694610	1.179752	43.261000
30.727307	1.174377	43.307000
30.760380	1.168234	43.353000
30.792806	1.162859	43.399000
30.825668	1.157080	43.445000
30.952347	1.130500	43.491000
30.985916	1.123838	43.666000
31.019837	1.113803	43.712000
31.053527	1.099114	43.757000
31.085940	1.088071	43.803000
31.118635	1.076709	43.849000
31.150986	1.063772	43.895000
31.183854	1.049791	43.941000
31.217098	1.037728	43.987000
31.250796	1.034189	44.032000
31.284457	1.028804	44.078000
31.549988	1.018708	44.124000
31.583288	0.930378	44.492000
31.616451	0.916896	44.538000
31.648171	0.904708	44.584000
31.761331	0.889692	44.629000
31.794736	0.882959	44.786000
31.828150	0.875521	44.832000
31.862080	0.866676	44.878000
31.895361	0.859973	44.923000
31.927885	0.854130	44.969000
31.960192	0.850104	45.015000
31.993240	0.848208	45.060000
32.025795	0.848451	45.106000
32.059606	0.853057	45.152000
32.184526	0.860713	45.197000
32.217407	0.881322	45.370000
32.249766	0.887414	45.416000
32.282659	0.887245	45.461000
32.316070	0.886270	45.507000
32.348975	0.887002	45.553000
32.382755	0.892631	45.599000
32.416443	0.902011	45.645000
32.542575	0.937082	45.691000
32.575180	0.947095	45.866000
32.607216	0.957730	45.912000
32.640093	0.969660	45.957000
32.673416	0.981484	46.003000
32.706843	0.991665	46.049000
32.740612	1.004303	46.094000
32.773712	1.016996	46.141000
32.806824	1.030519	46.186000
32.839733	1.042845	46.232000
32.872187	1.054908	46.278000
32.984739	1.067875	46.324000
33.018442	1.106706	46.479000
33.051938	1.117674	46.525000
33.084670	1.128869	46.571000
33.117343	1.138914	46.617000
33.150017	1.146435	46.663000
33.182837	1.151274	46.709000
33.215988	1.150119	46.755000
33.336161	1.131494	46.800000
33.368977	1.124943	46.966000
33.401946	1.117371	47.012000
33.435143	1.111410	47.058000
33.468654	1.104606	47.103000
33.502196	1.098957	47.149000
33.534586	1.091668	47.195000
33.567194	1.085243	47.240000
33.600041	1.078449	47.286000
33.633280	1.072680	47.332000
33.666576	1.065220	47.378000
33.779769	1.057331	47.424000
33.812892	1.036369	47.580000
33.845670	1.036127	47.626000
33.877990	1.035243	47.671000
33.911490	1.034199	47.717000
33.944625	1.031115	47.763000
33.978067	1.026809	47.809000
34.011552	1.021293	47.855000
34.283346	1.016305	47.900000
34.315870	1.018183	48.278000
34.348967	1.019682	48.324000
34.382448	1.020909	48.370000
34.416212	1.023009	48.416000
34.449597	1.026219	48.461000
34.566601	1.029232	48.507000
34.599943	1.014186	48.670000
34.632936	1.003117	48.716000
34.665737	0.989796	48.761000
34.698606	0.978527	48.807000
34.731734	0.968218	48.853000
34.764872	0.959786	48.899000
34.798192	0.952409	48.945000
34.925637	0.923110	48.991000
34.959072	0.914174	49.166000
34.991607	0.905650	49.212000
35.024542	0.897309	49.258000
35.056210	0.890828	49.304000
35.089579	0.880078	49.349000
35.122599	0.867070	49.395000
35.156179	0.855476	49.441000
35.189764	0.849312	49.487000
35.223283	0.846712	49.532000
35.255730	0.844222	49.578000
35.521447	0.840810	49.624000
35.554201	0.804913	49.992000
35.586791	0.800942	50.038000
35.620195	0.797308	50.084000
35.734110	0.785605	50.129000
35.766607	0.786791	50.285000
35.799615	0.790407	50.331000
35.831916	0.791592	50.377000
35.864536	0.791501	50.422000
35.897629	0.787842	50.468000
35.930929	0.782212	50.513000
35.965024	0.780503	50.559000
35.998002	0.784582	50.605000
36.030841	0.790256	50.651000
36.155259	0.795810	50.697000
36.188113	0.821918	50.870000
36.220880	0.831264	50.916000
36.254472	0.840548	50.962000
36.288240	0.850366	51.007000
36.321687	0.860315	51.053000
36.353861	0.873162	51.099000
36.386804	0.882758	51.145000
36.513339	0.913009	51.190000
36.546781	0.919788	51.366000
36.579566	0.927596	51.412000
36.613155	0.936637	51.458000
36.646639	0.946354	51.504000
36.680262	0.955699	51.550000
36.712652	0.962947	51.595000
36.745045	0.970527	51.641000
36.778276	0.978243	51.687000
36.810489	0.983933	51.732000
36.844311	0.990159	51.778000
36.958015	0.994815	51.824000
36.990697	1.020636	51.980000
37.023294	1.026587	52.026000
37.055088	1.029585	52.071000
37.088396	1.027844	52.117000
37.121819	1.025896	52.163000
37.155050	1.022751	52.209000
37.188488	1.021741	52.255000
37.307539	1.017785	52.301000
37.340528	1.010870	52.466000
37.374189	1.003460	52.512000
37.406902	0.996525	52.558000
37.440113	0.992104	52.604000
37.473229	0.989307	52.649000
37.505673	0.987558	52.695000
37.538300	0.987457	52.741000
37.571620	0.985966	52.787000
37.605504	0.983133	52.833000
37.639073	0.980154	52.879000
37.750729	0.981686	52.925000
37.783157	1.000326	53.080000
37.816292	1.004303	53.126000
37.849876	1.005721	53.172000
37.883222	1.009118	53.218000
37.916803	1.013519	53.264000
37.949834	1.020096	53.309000
37.982685	1.030317	53.355000
38.254506	1.086803	53.401000
38.287898	1.088751	53.779000
38.321755	1.090871	53.825000
38.355447	1.092360	53.871000
38.388348	1.095535	53.916000
38.420922	1.101300	53.962000
38.538959	1.107720	54.008000
38.571414	1.130318	54.170000
38.604130	1.138863	54.216000
38.637054	1.147979	54.261000
38.670404	1.157791	54.307000
38.703427	1.168608	54.353000
38.736946	1.180409	54.399000
38.770615	1.190518	54.445000
38.897150	1.217469	54.491000
38.929805	1.217600	54.667000
38.962417	1.218939	54.712000
38.995399	1.218085	54.758000
39.028948	1.215552	54.804000
39.061649	1.213892	54.850000
39.095280	1.213273	54.895000
39.128753	1.210989	54.941000
39.161204	1.208525	54.987000
39.193405	1.204455	55.032000
39.226056	1.200825	55.078000
39.492718	1.196853	55.124000
39.525661	1.174367	55.492000
39.559164	1.173332	55.538000
39.592480	1.171803	55.584000
39.705131	1.162536	55.630000
39.737275	1.164383	55.785000
39.770321	1.167951	55.831000
39.803276	1.170374	55.877000
39.836207	1.172847	55.923000
39.869469	1.174286	55.968000
39.903356	1.175664	56.014000
39.936584	1.176446	56.060000
39.968869	1.178737	56.106000
40.001236	1.181696	56.151000
40.126069	1.184678	56.197000
40.159427	1.181292	56.370000
40.193053	1.178778	56.416000
40.225735	1.177703	56.462000
40.259208	1.178440	56.508000
40.292001	1.178980	56.554000
40.324636	1.176618	56.599000
40.358194	1.173514	56.645000
40.484433	1.163762	56.691000
40.517956	1.160295	56.867000
40.551886	1.156767	56.913000
40.584833	1.152864	56.958000
40.618056	1.147207	57.004000
40.650530	1.142766	57.050000
40.683081	1.137637	57.096000
40.715878	1.131424	57.142000
40.749432	1.122888	57.187000
40.782640	1.113661	57.233000
40.816401	1.107231	57.279000
40.927922	1.103450	57.325000
40.960600	1.095469	57.480000
40.993623	1.094500	57.526000
41.026924	1.090871	57.572000
41.060408	1.089614	57.618000
41.093639	1.087413	57.664000
41.127173	1.087434	57.709000
41.159079	1.088953	57.755000
41.279183	1.090810	57.801000
41.312829	1.091915	57.967000
41.345603	1.095207	58.012000
41.378561	1.098139	58.058000
41.410947	1.106076	58.104000
41.444062	1.113955	58.150000
41.477408	1.120168	58.196000
41.510355	1.124074	58.241000
41.544189	1.126048	58.287000
41.577608	1.125033	58.333000
41.609960	1.130025	58.379000
41.722849	1.136350	58.425000
41.755611	1.155762	58.581000
41.789180	1.158927	58.627000
41.822787	1.164187	58.673000
41.855588	1.171489	58.719000
41.888512	1.178646	58.765000
41.921335	1.183957	58.810000
41.954121	1.187566	58.856000
42.226764	1.210006	58.902000
42.260998	1.214814	59.279000
42.293998	1.218421	59.325000
42.326304	1.220777	59.371000
42.359031	1.223636	59.416000
42.392116	1.226972	59.462000
42.509085	1.230586	59.508000
42.542251	1.248741	59.670000
42.574979	1.259184	59.716000
42.608475	1.268872	59.762000
42.642589	1.276387	59.808000
42.675321	1.282792	59.854000
42.708694	1.288593	59.900000
42.740930	1.291977	59.945000
42.867618	1.305428	59.991000
42.900546	1.312293	60.167000
42.933638	1.317645	60.213000
42.967119	1.321788	60.258000
43.000692	1.323426	60.304000
43.033381	1.324187	60.350000
43.066616	1.326092	60.395000
43.098645	1.328673	60.441000
43.131641	1.331828	60.487000
43.164795	1.338047	60.533000
43.198310	1.345970	60.579000
43.464173	1.355753	60.625000
43.497623	1.415620	60.992000
43.530935	1.420867	61.038000
43.564247	1.425665	61.084000
43.675492	1.437847	61.130000
43.708807	1.440250	61.285000
43.741585	1.442107	61.331000
43.775234	1.442602	61.377000
43.808680	1.442612	61.422000
43.841988	1.441345	61.468000
43.874155	1.438731	61.514000
43.906990	1.436671	61.560000
43.940041	1.433113	61.606000
43.972703	1.429191	61.651000
44.098220	1.426180	61.697000
44.131727	1.431542	61.870000
44.165112	1.436711	61.916000
44.197544	1.442359	61.962000
44.230156	1.448361	62.008000
44.263126	1.454372	62.053000
44.296745	1.462776	62.099000
44.329423	1.470398	62.145000
44.456519	1.501501	62.190000
44.490287	1.507128	62.367000
44.523057	1.515330	62.412000
44.555428	1.523775	62.458000
44.588471	1.533182	62.504000
44.621548	1.539765	62.550000
44.655144	1.541396	62.596000
44.688186	1.543718	62.642000
44.722074	1.545277	62.688000
44.755413	1.548240	62.733000
44.788018	1.550703	62.779000
44.900054	1.552526	62.825000
44.933127	1.557321	62.981000
44.966466	1.554090	63.027000
44.999885	1.550350	63.073000
45.032716	1.544540	63.119000
45.065721	1.537888	63.165000
45.098587	1.532677	63.210000
45.130865	1.528448	63.256000
45.250512	1.525652	63.302000
45.283351	1.521655	63.467000
45.315848	1.516466	63.513000
45.349359	1.514235	63.559000
45.381818	1.512220	63.604000
45.416059	1.512241	63.650000
45.449552	1.515442	63.696000
45.482759	1.523047	63.741000
45.515184	1.531957	63.788000
45.547788	1.541316	63.833000
45.580896	1.551088	63.879000
45.693820	1.557861	63.925000
45.727166	1.593233	64.081000
45.760432	1.600936	64.127000
45.793932	1.606534	64.173000
45.826583	1.615372	64.219000
45.858584	1.623921	64.265000
45.891888	1.635435	64.310000
45.925718	1.648307	64.357000
46.198493	1.747606	64.402000
46.231301	1.755388	64.779000
46.264002	1.762294	64.825000
46.297594	1.770757	64.871000
46.330579	1.780000	64.917000
46.363729	1.791501	64.963000
46.480191	1.801853	65.009000
46.513530	1.805987	65.170000
46.546957	1.803548	65.216000
46.580226	1.803275	65.262000
46.613699	1.803810	65.308000
46.646519	1.806038	65.354000
46.678751	1.809500	65.400000
46.711947	1.810523	65.445000
46.838536	1.793785	65.491000
46.872155	1.786733	65.667000
46.906051	1.781981	65.713000
46.939381	1.779279	65.759000
46.972270	1.779708	65.804000
47.004990	1.783210	65.850000
47.037415	1.788099	65.896000
47.070380	1.793644	65.942000
47.103938	1.797237	65.988000
47.136992	1.800528	66.034000
47.170830	1.804243	66.079000
47.436582	1.802867	66.125000
47.469847	1.802897	66.494000
47.502763	1.796134	66.540000
47.535030	1.786679	66.586000
47.646962	1.758468	66.631000
47.680497	1.747026	66.786000
47.713874	1.740224	66.833000
47.747162	1.741094	66.878000
47.779429	1.743543	66.924000
47.811945	1.746185	66.970000
47.845065	1.744849	67.015000
47.878507	1.747167	67.061000
47.911815	1.749667	67.107000
47.945334	1.754794	67.153000
48.069487	1.763951	67.198000
48.102242	1.790842	67.370000
48.134662	1.795368	67.416000
48.168362	1.801421	67.462000
48.200959	1.806753	67.508000
48.234824	1.814147	67.554000
48.268124	1.821506	67.600000
48.301762	1.830169	67.646000
48.428570	1.861741	67.692000
48.461290	1.869515	67.867000
48.494213	1.876268	67.913000
48.526883	1.883243	67.959000
48.559388	1.888543	68.005000
48.593130	1.893237	68.051000
48.627218	1.894231	68.096000
48.659845	1.893227	68.142000
48.693007	1.892267	68.188000
48.725581	1.890360	68.234000
48.758589	1.889325	68.280000
48.871529	1.883984	68.326000
48.905386	1.881501	68.482000
48.938805	1.880325	68.527000
48.971732	1.877383	68.573000
49.004145	1.872840	68.619000
49.036800	1.866970	68.665000
49.069739	1.860656	68.711000
49.102820	1.854428	68.757000
49.222025	1.822317	68.803000
49.254775	1.815705	68.967000
49.288149	1.811889	69.013000
49.321560	1.808275	69.059000
49.355133	1.804762	69.105000
49.388737	1.801553	69.151000
49.421099	1.797464	69.197000
49.454153	1.793735	69.243000
49.486309	1.790377	69.288000
49.519401	1.788755	69.334000
49.552598	1.786254	69.380000
49.666025	1.781668	69.426000
49.699290	1.780831	69.582000
49.731860	1.780811	69.627000
49.764673	1.782721	69.673000
49.797665	1.781496	69.719000
49.831039	1.777460	69.765000
49.864481	1.770454	69.811000
49.898326	1.763972	69.857000
50.168945	1.731349	69.903000
50.201731	1.724081	70.280000
50.235100	1.716384	70.326000
50.269264	1.709136	70.371000
50.302088	1.701445	70.417000
50.335657	1.693073	70.463000
50.452519	1.686068	70.509000
50.485907	1.679647	70.670000
50.518343	1.678991	70.716000
50.550971	1.679822	70.762000
50.583814	1.678880	70.808000
50.617233	1.678523	70.854000
50.650295	1.677696	70.899000
50.684213	1.678108	70.945000
50.811401	1.686440	70.991000
50.844521	1.686581	71.167000
50.877729	1.683028	71.213000
50.910099	1.679283	71.259000
50.942462	1.675206	71.305000
50.975973	1.673745	71.351000
51.008747	1.673644	71.396000
51.042735	1.678870	71.442000
51.076177	1.685659	71.488000
51.109439	1.691139	71.534000
51.142190	1.690967	71.580000
51.407826	1.691511	71.626000
51.440200	1.647273	71.994000
51.473101	1.637005	72.040000
51.506497	1.627823	72.086000
51.620070	1.618536	72.132000
51.653504	1.617773	72.287000
51.686497	1.616662	72.333000
51.718314	1.614583	72.378000
51.751511	1.616072	72.424000
51.784380	1.619459	72.470000
51.817173	1.624153	72.516000
51.850908	1.627499	72.561000
51.884258	1.631916	72.607000
51.916909	1.638789	72.653000
52.040620	1.646603	72.698000
52.073155	1.683230	72.871000
52.106525	1.695134	72.917000
52.140516	1.708214	72.962000
52.173678	1.719070	73.008000
52.206775	1.730577	73.054000
52.239018	1.744919	73.099000
52.271942	1.755218	73.145000
52.399311	1.769985	73.191000
52.431804	1.772162	73.367000
52.465519	1.776477	73.413000
52.499134	1.783159	73.459000
52.532104	1.789142	73.505000
52.565196	1.792358	73.551000
52.597920	1.793451	73.596000
52.630463	1.790680	73.642000
52.662757	1.788986	73.688000
52.696453	1.786455	73.734000
52.729964	1.786264	73.780000
52.842765	1.787907	73.826000
52.876165	1.788845	73.982000
52.908674	1.792787	74.027000
52.941436	1.796673	74.073000
52.974874	1.799636	74.119000
53.007790	1.803659	74.165000
53.041148	1.808164	74.211000
53.074813	1.812172	74.256000
53.192666	1.850274	74.302000
53.226116	1.861427	74.467000
53.259543	1.873582	74.513000
53.292555	1.885029	74.559000
53.325778	1.892031	74.605000
53.358110	1.901105	74.651000
53.390350	1.911548	74.696000
53.423746	1.924077	74.742000
53.457637	1.934297	74.788000
53.491299	1.945548	74.833000
53.524714	1.957798	74.879000
53.636228	1.972882	74.925000
53.669443	2.042814	75.081000
53.701991	2.059747	75.126000
53.735517	2.072522	75.172000
53.769221	2.083499	75.218000
53.802521	2.095374	75.264000
53.835045	2.107643	75.310000
53.867492	2.117088	75.355000
54.140981	2.159949	75.401000
54.173609	2.164249	75.780000
54.207500	2.166013	75.826000
54.240993	2.166084	75.871000
54.273586	2.166355	75.917000
54.306118	2.166617	75.963000
54.423974	2.165700	76.009000
54.456360	2.157102	76.171000
54.489533	2.155171	76.217000
54.522084	2.154551	76.263000
54.555818	2.150977	76.309000
54.589737	2.151260	76.354000
54.623318	2.153316	76.400000
54.656230	2.156568	76.446000
54.782308	2.167107	76.492000
54.815093	2.169037	76.668000
54.847963	2.174534	76.713000
54.880721	2.183465	76.759000
54.914106	2.189872	76.805000
54.947640	2.192442	76.851000
54.981267	2.190673	76.897000
55.013779	2.183017	76.942000
55.046495	2.175981	76.988000
55.079169	2.171325	77.034000
55.111636	2.171784	77.079000
55.377795	2.172726	77.125000
55.411456	2.140055	77.493000
55.444733	2.138701	77.539000
55.477995	2.142414	77.585000
55.589650	2.168352	77.630000
55.622563	2.176833	77.786000
55.655847	2.185244	77.832000
55.689036	2.193113	77.878000
55.721971	2.199599	77.924000
55.755298	2.204236	77.970000
55.788840	2.206796	78.015000
55.821403	2.206938	78.061000
55.854146	2.208227	78.107000
55.887212	2.211831	78.153000
56.011730	2.215475	78.198000
56.045533	2.219393	78.371000
56.079056	2.221171	78.417000
56.112291	2.222754	78.463000
56.144945	2.222471	78.508000
56.177393	2.222103	78.554000
56.210040	2.221519	78.600000
56.243432	2.221559	78.646000
56.370336	2.229911	78.692000
56.403348	2.228827	78.867000
56.437558	2.229281	78.913000
56.470893	2.230062	78.959000
56.503440	2.233636	79.005000
56.535807	2.237371	79.051000
56.568934	2.241206	79.097000
56.602407	2.245944	79.143000
56.635092	2.247991	79.189000
56.668823	2.250621	79.234000
56.702399	2.252375	79.280000
56.814762	2.255409	79.326000
56.847309	2.275474	79.482000
56.879991	2.280710	79.528000
56.913495	2.283574	79.574000
56.947148	2.286936	79.619000
56.980598	2.289153	79.665000
57.012673	2.289607	79.711000
57.045731	2.287540	79.757000
57.164490	2.275545	79.803000
57.198209	2.269048	79.968000
57.231294	2.257964	80.013000
57.264287	2.243625	80.059000
57.296676	2.227441	80.105000
57.330549	2.212547	80.151000
57.363419	2.199287	80.197000
57.396988	2.191746	80.243000
57.430814	2.185184	80.289000
57.462969	2.175235	80.334000
57.496008	2.163044	80.380000
57.608125	2.149118	80.426000
57.641318	2.092607	80.582000
57.675044	2.073987	80.628000
57.708367	2.059868	80.674000
57.741091	2.049203	80.719000
57.773965	2.037078	80.765000
57.806036	2.026257	80.810000
57.839090	2.016253	80.857000
58.112705	2.009125	80.902000
58.146205	2.008101	81.280000
58.179609	2.005315	81.326000
58.211753	2.004815	81.371000
58.244822	2.007768	81.417000
58.277500	2.009277	81.463000
58.394830	2.010867	81.509000
58.427908	2.014571	81.671000
58.460885	2.020967	81.717000
58.494834	2.024232	81.763000
58.527435	2.026756	81.808000
58.560993	2.023299	81.854000
58.593348	2.017873	81.900000
58.626029	2.017853	81.946000
58.753014	2.012270	81.991000
58.786322	2.004431	82.168000
58.819710	1.998541	82.214000
58.853510	1.995775	82.259000
58.887021	1.992843	82.305000
58.920029	1.988851	82.351000
58.952953	1.980376	82.397000
58.985054	1.970306	82.443000
59.018220	1.963860	82.489000
59.050609	1.959863	82.534000
59.084540	1.960432	82.580000
59.350360	1.961109	82.626000
59.384287	1.970599	82.994000
59.417387	1.968322	83.040000
59.449907	1.963526	83.086000
59.561525	1.949404	83.132000
59.595117	1.944069	83.288000
59.628302	1.938537	83.333000
59.662274	1.934227	83.379000
59.695201	1.931214	83.425000
59.728417	1.927922	83.471000
59.760995	1.924444	83.517000
59.793492	1.918766	83.563000
59.826535	1.912856	83.608000
59.859447	1.904057	83.654000
59.984441	1.894640	83.700000
60.017795	1.866152	83.871000
60.049766	1.861059	83.917000
60.082820	1.853405	83.963000
60.115567	1.845678	84.009000
60.148087	1.837987	84.054000
60.182202	1.834025	84.100000
60.215717	1.835446	84.146000
60.342740	1.846389	84.192000
60.375698	1.850003	84.368000
60.408376	1.858859	84.414000
60.441261	1.866637	84.459000
60.474212	1.873042	84.505000
60.506901	1.880739	84.551000
60.540462	1.885473	84.597000
60.574074	1.892327	84.642000
60.607305	1.897385	84.688000
60.639998	1.901958	84.734000
60.672610	1.903457	84.779000
60.784139	1.902932	84.826000
60.818000	1.894872	84.981000
60.851224	1.897315	85.027000
60.884662	1.901696	85.073000
60.918062	1.902352	85.119000
60.950405	1.900560	85.164000
60.983279	1.899687	85.210000
61.016410	1.901045	85.256000
61.137148	1.923042	85.302000
61.169238	1.926236	85.468000
61.201601	1.929249	85.514000
61.234981	1.931510	85.559000
61.268412	1.932919	85.605000
61.301797	1.933697	85.651000
61.335151	1.934691	85.697000
61.368689	1.935837	85.743000
61.401274	1.935726	85.789000
61.433476	1.935029	85.834000
61.466784	1.936972	85.880000
61.579800	1.941980	85.926000
61.613488	1.972780	86.082000
61.646953	1.982168	86.128000
61.679677	1.990724	86.174000
61.712404	1.996730	86.220000
61.744952	2.001555	86.266000
61.778133	2.007240	86.312000
61.811083	2.013528	86.357000
62.085064	2.069532	86.403000
62.117384	2.075711	86.780000
62.150077	2.082608	86.826000
62.183062	2.087437	86.872000
62.215713	2.093862	86.918000
62.249543	2.097854	86.963000
62.366005	2.099713	87.009000
62.399782	2.103786	87.171000
62.433351	2.106890	87.217000
62.466313	2.111931	87.263000
62.498364	2.115600	87.309000
62.531434	2.115893	87.355000
62.564388	2.111986	87.400000
62.597969	2.108837	87.446000
62.724489	2.116815	87.492000
62.758315	2.112259	87.668000
62.791945	2.108166	87.714000
62.824777	2.108928	87.760000
62.857770	2.112299	87.806000
62.890244	2.116517	87.851000
62.923482	2.115292	87.897000
62.956506	2.106276	87.943000
62.990182	2.095278	87.989000
63.023821	2.089876	88.034000
63.056694	2.086464	88.080000
63.322561	2.082517	88.126000
63.355496	2.004604	88.494000
63.387794	1.989477	88.540000
63.420429	1.979108	88.586000
63.533798	1.947849	88.632000
63.566737	1.938778	88.788000
63.600698	1.932217	88.834000
63.633660	1.932450	88.879000
63.666519	1.933737	88.925000
63.699385	1.935291	88.971000
63.731870	1.933993	89.017000
63.765416	1.933252	89.063000
63.798682	1.933696	89.109000
63.832331	1.936578	89.155000
63.955394	1.943685	89.200000
63.988044	1.974364	89.371000
64.020937	1.984328	89.417000
64.053734	1.994791	89.463000
64.087472	2.004220	89.509000
64.121471	2.012371	89.555000
64.154061	2.020195	89.600000
64.187326	2.027433	89.646000
64.313927	2.047244	89.692000
64.346823	2.056319	89.868000
64.379109	2.066697	89.914000
64.412502	2.076103	89.960000
64.445925	2.085520	90.006000
64.479732	2.093257	90.051000
64.512402	2.100826	90.097000
64.546294	2.111598	90.143000
64.578641	2.125702	90.189000
64.611480	2.136433	90.235000
64.644035	2.143560	90.281000
64.757435	2.148358	90.326000
64.790773	2.161728	90.482000
64.824389	2.166175	90.528000
64.856505	2.169867	90.574000
64.889467	2.172958	90.620000
64.922061	2.170418	90.665000
64.955215	2.165342	90.711000
64.988861	2.168220	90.757000
65.107839	2.194962	90.803000
65.140847	2.198596	90.968000
65.174163	2.204286	91.014000
65.207616	2.211665	91.060000
65.241531	2.219301	91.106000
65.274286	2.228908	91.152000
65.307202	2.239134	91.198000
65.339833	2.250066	91.244000
65.372934	2.258388	91.289000
65.406495	2.265403	91.335000
65.439488	2.273795	91.381000
65.552127	2.278665	91.427000
65.584874	2.282117	91.582000
65.617244	2.280791	91.628000
65.650153	2.280841	91.674000
65.683975	2.282398	91.720000
65.717421	2.283764	91.766000
65.750898	2.284031	91.812000
65.783983	2.284082	91.857000
66.055570	2.247475	91.903000
66.089062	2.247505	92.281000
66.121809	2.248090	92.326000
66.155801	2.251582	92.372000
66.188863	2.258770	92.418000
66.222155	2.266355	92.463000
66.338998	2.268559	92.509000
66.371737	2.276235	92.671000
66.404322	2.272041	92.717000
66.436570	2.263699	92.763000
66.470023	2.255695	92.809000
66.502732	2.249365	92.854000
66.536316	2.246523	92.900000
66.569978	2.247455	92.946000
66.698176	2.247107	92.991000
66.730984	2.247627	93.168000
66.763839	2.252253	93.214000
66.796440	2.257021	93.259000
66.829456	2.261148	93.305000
66.862164	2.262413	93.351000
66.895771	2.264913	93.397000
66.929686	2.268106	93.443000
66.962310	2.272783	93.488000
66.994404	2.276566	93.534000
67.027289	2.281526	93.580000
67.292330	2.287408	93.625000
67.324793	2.335967	93.994000
67.358423	2.340065	94.040000
67.392023	2.341554	94.085000
67.505484	2.359589	94.131000
67.538024	2.363627	94.287000
67.570802	2.367407	94.332000
67.602903	2.368966	94.378000
67.636457	2.370814	94.424000
67.669903	2.371743	94.470000
67.703141	2.370689	94.516000
67.736034	2.369618	94.562000
67.769127	2.371188	94.607000
67.801075	2.368855	94.653000
67.925462	2.366998	94.699000
67.958747	2.369330	94.871000
67.992116	2.374554	94.917000
68.025616	2.383069	94.963000
68.058785	2.393094	95.009000
68.091609	2.402352	95.055000
68.124118	2.411831	95.100000
68.157026	2.420804	95.146000
68.285002	2.454956	95.192000
68.317925	2.461073	95.368000
68.351740	2.466484	95.414000
68.384964	2.471006	95.460000
68.418279	2.474969	95.506000
68.450918	2.478124	95.552000
68.483496	2.479411	95.597000
68.516212	2.480637	95.643000
68.549128	2.482646	95.689000
68.582490	2.485442	95.734000
68.615982	2.491201	95.780000
68.728391	2.496900	95.826000
68.761268	2.517606	95.981000
68.794069	2.523407	96.027000
68.826647	2.532181	96.073000
68.860124	2.543773	96.119000
68.893708	2.554111	96.165000
68.927492	2.566610	96.210000
68.960047	2.577220	96.256000
69.079164	2.619677	96.302000
69.112910	2.630236	96.468000
69.146517	2.640846	96.514000
69.179633	2.650453	96.560000
69.211496	2.659837	96.605000
69.244397	2.672897	96.652000
69.277397	2.681479	96.697000
69.310267	2.689750	96.744000
69.343744	2.695834	96.789000
69.378104	2.699255	96.835000
69.411074	2.701826	96.881000
69.523467	2.701837	96.927000
69.555722	2.707597	97.082000
69.589000	2.707739	97.128000
69.622761	2.708652	97.174000
69.656022	2.710037	97.220000
69.689776	2.710950	97.266000
69.722023	2.707607	97.312000
69.755193	2.701948	97.358000
70.026949	2.738681	97.403000
70.060541	2.747988	97.781000
70.094087	2.757967	97.827000
70.125873	2.766663	97.872000
70.159127	2.770353	97.918000
70.191083	2.775729	97.964000
70.308709	2.782619	98.009000
70.342032	2.824592	98.172000
70.375225	2.836006	98.217000
70.408225	2.848145	98.263000
70.442155	2.859032	98.309000
70.475801	2.868905	98.355000
70.508340	2.878304	98.401000
70.540972	2.885410	98.446000
70.668087	2.909709	98.492000
70.700911	2.919525	98.668000
70.734165	2.928435	98.714000
70.766912	2.937964	98.760000
70.801049	2.947813	98.806000
70.833888	2.959864	98.852000
70.866904	2.971290	98.897000
70.899275	2.984581	98.943000
70.932421	2.998321	98.989000
70.965268	3.012978	99.035000
70.998307	3.026859	99.081000
71.263947	3.042033	99.126000
71.297524	3.122237	99.495000
71.331500	3.133376	99.541000
71.364831	3.147417	99.587000
71.476256	3.180775	99.632000
71.509080	3.189634	99.788000
71.541704	3.198078	99.834000
71.575088	3.210953	99.880000
71.608880	3.223476	99.926000
71.641919	3.229649	99.972000
71.675711	3.231890	100.017000
71.708519	3.236398	100.063000
71.741189	3.240567	100.109000
71.773537	3.244897	100.155000
71.897494	3.251040	100.200000
71.931424	3.262140	100.371000
71.964755	3.264503	100.417000
71.997148	3.267627	100.463000
72.029772	3.271438	100.509000
72.062719	3.278635	100.555000
72.095973	3.289300	100.601000
72.128774	3.300138	100.647000
72.256634	3.353433	100.693000
72.289811	3.366655	100.869000
72.323488	3.379916	100.914000
72.356542	3.392935	100.960000
72.389473	3.408994	101.006000
72.421767	3.427506	101.052000
72.454975	3.447330	101.098000
72.487921	3.467444	101.143000
72.521636	3.489646	101.189000
72.555528	3.512160	101.235000
72.588352	3.532649	101.281000
72.699870	3.546387	101.327000
72.732417	3.597460	101.483000
72.765947	3.614935	101.528000
72.799678	3.633631	101.574000
72.832555	3.648157	101.620000
72.865994	3.663799	101.666000
72.899009	3.680581	101.712000
72.931418	3.697987	101.758000
73.051495	3.755552	101.804000
73.084780	3.764098	101.969000
73.116920	3.776569	102.014000
73.149559	3.791753	102.060000
73.183205	3.809351	102.106000
73.216129	3.826946	102.152000
73.249851	3.840468	102.197000
73.283474	3.856395	102.243000
73.316467	3.876132	102.289000
73.348814	3.899791	102.335000
73.381899	3.924905	102.380000
73.493563	3.950146	102.426000
73.526571	4.062870	102.581000
73.560463	4.096304	102.627000
73.593509	4.121517	102.673000
73.626610	4.148626	102.719000
73.658849	4.180430	102.765000
73.691804	4.215162	102.810000
73.725411	4.246193	102.856000
73.998550	4.494081	102.902000
74.031927	4.525770	103.281000
74.065081	4.554329	103.327000
74.097129	4.580222	103.373000
74.130767	4.609118	103.418000
74.163706	4.638292	103.464000
74.280825	4.664242	103.510000
74.313987	4.759895	103.672000
74.347318	4.793821	103.718000
74.380687	4.827006	103.763000
74.413949	4.857100	103.809000
74.447034	4.882053	103.855000
74.479197	4.899148	103.901000
74.511959	4.910908	103.947000
74.638913	4.982956	103.992000
74.672528	5.011141	104.168000
74.705405	5.041952	104.215000
74.739205	5.071413	104.260000
74.772559	5.098990	104.306000
74.805551	5.125531	104.352000
74.837883	5.153927	104.398000
74.870945	5.181583	104.444000
74.904115	5.211001	104.490000
74.936954	5.240380	104.536000
74.970830	5.264080	104.582000
75.235840	5.282990	104.627000
75.269386	5.564469	104.995000
75.301910	5.613062	105.041000
75.334934	5.658029	105.087000
75.446697	5.818932	105.133000
75.480681	5.878099	105.289000
75.513605	5.941737	105.334000
75.547466	6.007666	105.380000
75.580597	6.078122	105.426000
75.613805	6.155812	105.472000
75.645899	6.235215	105.518000
75.679391	6.314878	105.564000
75.712576	6.391493	105.610000
75.745645	6.461173	105.656000
75.869418	6.528300	105.701000
75.902349	6.738569	105.872000
75.935258	6.786359	105.918000
75.968074	6.836876	105.964000
76.001036	6.883069	106.009000
76.034420	6.928036	106.055000
76.068204	6.973736	106.101000
76.101090	7.015907	106.146000
76.228589	7.109490	106.192000
76.261658	7.128913	106.369000
76.294221	7.148654	106.415000
76.326607	7.180215	106.461000
76.359968	7.223461	106.506000
76.392953	7.271657	106.552000
76.426822	7.320164	106.598000
76.460161	7.375025	106.644000
76.493261	7.439177	106.689000
76.525370	7.508974	106.735000
76.558140	7.586751	106.781000
76.671425	7.670074	106.827000
76.704218	7.920153	106.983000
76.738063	7.960644	107.029000
76.770887	8.003295	107.075000
76.803818	8.055617	107.120000
76.836120	8.118937	107.166000
76.869320	8.185305	107.212000
76.902359	8.242908	107.258000
77.022275	8.406262	107.303000
77.054330	8.471087	107.469000
77.087937	8.539255	107.515000
77.121284	8.595655	107.560000
77.154538	8.638249	107.606000
77.187891	8.682279	107.652000
77.221322	8.734350	107.698000
77.253608	8.792799	107.744000
77.286170	8.853037	107.790000
77.319317	8.906719	107.835000
77.352256	8.954954	107.881000
77.465940	9.008765	107.927000
77.499240	9.220737	108.083000
77.532156	9.282455	108.129000
77.564496	9.345000	108.175000
77.597750	9.407242	108.220000
77.630251	9.472032	108.266000
77.663459	9.538022	108.312000
77.696367	9.601089	108.358000
77.970044	10.292997	108.404000
78.002745	10.365217	108.781000
78.035753	10.432320	108.827000
78.069276	10.510286	108.873000
78.102253	10.594050	108.919000
78.135646	10.690650	108.965000
78.252081	10.797371	109.011000
78.285627	11.196917	109.172000
78.318696	11.313550	109.218000
78.351474	11.428519	109.263000
78.383937	11.541532	109.309000
78.416683	11.653061	109.355000
78.450544	11.762467	109.401000
78.483967	11.869233	109.447000
78.610806	12.260303	109.493000
78.644367	12.370635	109.669000
78.677729	12.481014	109.715000
78.710153	12.563232	109.761000
78.742623	12.619133	109.806000
78.775862	12.690469	109.852000
78.809162	12.790370	109.898000
78.842063	12.917910	109.944000
78.876523	13.053848	109.989000
78.910054	13.157837	110.036000
78.942823	13.245092	110.082000
79.207826	13.344933	110.127000
79.240911	14.323685	110.495000
79.272574	14.497906	110.541000
79.305836	14.674682	110.587000
79.419205	15.070261	110.633000
79.452867	15.149668	110.789000
79.486390	15.257311	110.835000
79.518868	15.365605	110.880000
79.551691	15.450312	110.927000
79.584753	15.542796	110.972000
79.617777	15.658627	111.018000
79.650777	15.802445	111.064000
79.684308	15.980283	111.110000
79.717877	16.175999	111.155000
79.839959	16.341487	111.201000
79.872698	16.849919	111.372000
79.906152	17.051718	111.418000
79.939906	17.220262	111.464000
79.973113	17.346849	111.510000
80.006690	17.466415	111.555000
80.039514	17.579080	111.601000
80.072507	17.723224	111.647000
80.200106	18.307480	111.693000
80.232361	18.530429	111.869000
80.265653	18.760591	111.915000
80.299046	18.935444	111.961000
80.332338	19.011800	112.007000
80.366337	19.098643	112.053000
80.398992	19.237080	112.098000
80.432154	19.371706	112.144000
80.463910	19.481916	112.190000
80.497340	19.616021	112.236000
80.530264	19.806626	112.282000
80.643633	20.022416	112.327000
