Sample	2mm tape 
date	08/01/2026
	
Temperature (K)	77.00
Angle (deg.)	90.000000
field / T	0.300000
	
		
Approx. trace time (s)	90.0	
		
Current / A	V1  -sample/ uV	time/s
-0.018341	0.014609	0.000000
-0.018240	0.009549	0.046000
-0.018633	0.006146	0.092000
-0.018753	0.005062	0.137000
-0.018519	0.007728	0.183000
-0.018986	0.012149	0.229000
-0.018293	-0.006343	0.275000
-0.019380	-0.012386	0.643000
-0.018843	-0.020475	0.689000
-0.015624	-0.031195	0.735000
-0.001272	-0.039184	0.781000
0.031856	-0.046410	0.826000
0.114653	-0.051188	0.872000
0.138196	-0.076403	1.028000
0.163106	-0.085365	1.074000
0.188395	-0.092368	1.119000
0.212560	-0.093605	1.165000
0.235720	-0.097870	1.211000
0.259055	-0.101449	1.257000
0.284143	-0.109388	1.303000
0.378135	-0.116514	1.349000
0.402282	-0.120915	1.526000
0.426192	-0.128577	1.572000
0.450949	-0.141321	1.618000
0.475148	-0.154661	1.664000
0.499767	-0.159965	1.710000
0.523370	-0.161919	1.755000
0.548840	-0.160995	1.801000
0.571613	-0.163297	1.847000
0.595616	-0.169433	1.893000
0.619305	-0.173012	1.939000
0.814368	-0.174632	1.985000
0.839106	-0.154802	2.353000
0.863454	-0.154024	2.399000
0.889114	-0.146116	2.445000
0.971176	-0.120467	2.491000
0.993812	-0.111750	2.646000
1.018914	-0.104714	2.692000
1.042603	-0.100722	2.738000
1.067174	-0.095781	2.784000
1.092868	-0.089092	2.830000
1.115989	-0.079131	2.875000
1.139837	-0.073592	2.921000
1.162860	-0.068713	2.967000
1.187075	-0.065170	3.012000
1.277436	-0.065341	3.058000
1.300994	-0.068994	3.226000
1.324783	-0.067850	3.272000
1.349479	-0.064812	3.317000
1.373196	-0.062453	3.363000
1.398253	-0.057594	3.409000
1.421819	-0.053637	3.455000
1.446890	-0.049274	3.501000
1.541560	-0.032541	3.547000
1.566362	-0.033272	3.727000
1.591003	-0.029557	3.773000
1.614535	-0.024300	3.818000
1.638980	-0.021811	3.864000
1.662308	-0.020717	3.910000
1.687480	-0.017330	3.956000
1.711346	-0.013328	4.002000
1.735750	-0.010848	4.048000
1.760718	-0.009251	4.094000
1.785151	-0.007578	4.139000
1.867449	-0.002034	4.185000
1.890917	0.003061	4.341000
1.915806	0.002362	4.387000
1.939824	-0.000748	4.433000
1.964449	-0.001555	4.479000
1.989176	-0.004835	4.524000
2.012819	-0.005557	4.570000
2.037444	-0.007855	4.616000
2.124221	-0.030490	4.662000
2.149105	-0.030652	4.827000
2.172504	-0.024940	4.873000
2.196510	-0.020172	4.918000
2.220549	-0.018015	4.964000
2.244768	-0.016770	5.010000
2.270004	-0.021457	5.056000
2.294772	-0.024902	5.102000
2.318056	-0.023697	5.147000
2.342787	-0.020954	5.193000
2.366552	-0.016841	5.239000
2.448076	-0.011611	5.285000
2.473228	-0.017985	5.440000
2.497590	-0.020833	5.486000
2.522124	-0.020202	5.532000
2.546379	-0.017995	5.577000
2.569703	-0.016399	5.623000
2.594174	-0.017245	5.669000
2.617740	-0.016379	5.715000
2.818894	-0.009232	5.761000
2.842990	-0.008919	6.139000
2.867698	-0.009151	6.185000
2.891290	-0.008712	6.231000
2.915078	-0.009020	6.277000
2.940176	-0.009010	6.322000
3.023724	-0.006373	6.368000
3.048050	0.011216	6.526000
3.071874	0.015522	6.572000
3.096089	0.018392	6.617000
3.120074	0.021240	6.663000
3.143564	0.023498	6.709000
3.167990	0.027666	6.754000
3.192125	0.033347	6.800000
3.217070	0.042131	6.846000
3.299447	0.067845	6.892000
3.323229	0.073808	7.048000
3.347402	0.079438	7.094000
3.371568	0.085411	7.140000
3.396753	0.089734	7.185000
3.421129	0.096392	7.231000
3.445348	0.103036	7.277000
3.469593	0.109109	7.323000
3.493011	0.117873	7.368000
3.516972	0.125620	7.414000
3.717103	0.134386	7.460000
3.742333	0.183445	7.838000
3.766169	0.182542	7.884000
3.790403	0.183273	7.930000
3.873028	0.195080	7.976000
3.897200	0.201682	8.131000
3.921049	0.209924	8.177000
3.946942	0.219231	8.223000
3.970368	0.226550	8.269000
3.994366	0.232712	8.315000
4.018704	0.233909	8.361000
4.042809	0.231213	8.406000
4.066925	0.226529	8.452000
4.091036	0.223588	8.498000
4.114948	0.223184	8.544000
4.198114	0.222290	8.589000
4.221902	0.237699	8.745000
4.246476	0.241779	8.791000
4.270366	0.240854	8.836000
4.294953	0.234530	8.882000
4.319440	0.230421	8.928000
4.343957	0.228922	8.974000
4.368436	0.226711	9.020000
4.453287	0.226236	9.066000
4.477793	0.229265	9.227000
4.502158	0.231638	9.273000
4.526179	0.236362	9.319000
4.550256	0.241849	9.365000
4.574427	0.245882	9.410000
4.598836	0.250486	9.456000
4.623243	0.250930	9.502000
4.647611	0.249880	9.548000
4.671658	0.248618	9.593000
4.695343	0.245832	9.639000
4.777871	0.243641	9.684000
4.802538	0.251561	9.840000
4.827215	0.250465	9.886000
4.851768	0.247301	9.932000
4.875512	0.246341	9.978000
4.899079	0.245175	10.024000
4.923136	0.246776	10.070000
4.947620	0.249613	10.115000
5.035520	0.263937	10.161000
5.059746	0.262215	10.327000
5.083629	0.255190	10.373000
5.107872	0.248815	10.419000
5.132887	0.246998	10.465000
5.157237	0.250667	10.510000
5.181511	0.253701	10.556000
5.204989	0.255271	10.602000
5.229680	0.255200	10.647000
5.253028	0.254034	10.693000
5.277486	0.250546	10.739000
5.360935	0.246755	10.785000
5.384888	0.245418	10.940000
5.409017	0.247038	10.986000
5.432560	0.247507	11.032000
5.456825	0.245903	11.078000
5.481115	0.244060	11.123000
5.505092	0.242965	11.169000
5.529920	0.243056	11.214000
5.730552	0.266384	11.260000
5.753953	0.267681	11.639000
5.778262	0.270902	11.685000
5.802648	0.275647	11.730000
5.827286	0.280239	11.777000
5.851366	0.284832	11.822000
5.935903	0.290062	11.868000
5.959335	0.314466	12.026000
5.983188	0.317963	12.072000
6.007426	0.317731	12.118000
6.031622	0.315985	12.163000
6.056816	0.312653	12.209000
6.081142	0.310226	12.255000
6.105223	0.307823	12.301000
6.200044	0.310422	12.347000
6.224914	0.308858	12.527000
6.249120	0.309711	12.573000
6.272906	0.312376	12.619000
6.297011	0.316116	12.665000
6.320432	0.319311	12.710000
6.345208	0.323152	12.756000
6.369813	0.325282	12.802000
6.394782	0.330289	12.848000
6.418970	0.334751	12.894000
6.442914	0.335402	12.939000
6.637972	0.334660	12.985000
6.662213	0.356106	13.353000
6.685859	0.357703	13.399000
6.709839	0.364114	13.445000
6.792672	0.391618	13.490000
6.817507	0.396113	13.646000
6.841556	0.397963	13.692000
6.865733	0.399697	13.737000
6.889581	0.403280	13.784000
6.913646	0.408452	13.829000
6.937966	0.414423	13.875000
6.962738	0.420426	13.921000
6.987304	0.424454	13.967000
7.011397	0.428325	14.012000
7.099159	0.430926	14.058000
7.123669	0.414706	14.226000
7.148291	0.421390	14.272000
7.172831	0.423219	14.318000
7.196716	0.425125	14.364000
7.220980	0.425295	14.410000
7.244876	0.423587	14.455000
7.268970	0.419852	14.501000
7.364232	0.405679	14.547000
7.388026	0.402227	14.727000
7.412530	0.398664	14.773000
7.437117	0.395815	14.819000
7.461862	0.392181	14.865000
7.486010	0.391487	14.911000
7.510378	0.390674	14.956000
7.534289	0.392439	15.002000
7.558024	0.396687	15.048000
7.582439	0.405791	15.094000
7.606361	0.412397	15.139000
7.689704	0.417382	15.185000
7.713515	0.416763	15.341000
7.737326	0.415427	15.386000
7.761263	0.411591	15.432000
7.785190	0.405972	15.478000
7.809614	0.400861	15.524000
7.834101	0.393214	15.570000
7.858690	0.387413	15.615000
7.946015	0.364945	15.661000
7.969768	0.357828	15.827000
7.994867	0.353533	15.873000
8.019212	0.346881	15.919000
8.043924	0.340903	15.965000
8.067303	0.337204	16.010000
8.091463	0.332227	16.056000
8.115880	0.326529	16.102000
8.139949	0.323833	16.148000
8.164898	0.319709	16.194000
8.188938	0.316015	16.240000
8.271424	0.312865	16.286000
8.295621	0.310145	16.442000
8.319272	0.308202	16.487000
8.343484	0.305738	16.533000
8.367785	0.296694	16.579000
8.392362	0.282663	16.625000
8.417401	0.265471	16.670000
8.441656	0.251672	16.716000
8.640454	0.191698	16.762000
8.664344	0.185878	17.140000
8.689039	0.179786	17.185000
8.713783	0.175254	17.231000
8.737756	0.172271	17.277000
8.762085	0.167688	17.323000
8.844894	0.162116	17.369000
8.869296	0.141109	17.526000
8.893108	0.132432	17.572000
8.917910	0.129255	17.618000
8.943207	0.125922	17.664000
8.967031	0.122571	17.710000
8.991100	0.121906	17.756000
9.014517	0.121865	17.801000
9.110510	0.129773	17.847000
9.134351	0.131943	18.027000
9.158215	0.133880	18.073000
9.181829	0.133981	18.119000
9.206686	0.130167	18.165000
9.230528	0.123790	18.211000
9.255061	0.117722	18.257000
9.279399	0.116366	18.303000
9.303767	0.114982	18.348000
9.327461	0.113838	18.394000
9.351621	0.114476	18.440000
9.547150	0.117601	18.486000
9.571341	0.082487	18.854000
9.595308	0.079810	18.900000
9.619839	0.079608	18.946000
9.702211	0.063047	18.992000
9.726829	0.049937	19.147000
9.750217	0.044116	19.193000
9.774419	0.038305	19.239000
9.798871	0.035211	19.285000
9.823230	0.033588	19.331000
9.847958	0.031249	19.377000
9.872339	0.029177	19.423000
9.896790	0.027817	19.468000
9.920875	0.025368	19.514000
10.009051	0.021734	19.560000
10.033229	0.010622	19.726000
10.057651	0.007089	19.772000
10.081231	0.005244	19.818000
10.105493	0.003566	19.864000
10.129346	0.001357	19.910000
10.153699	-0.002277	19.956000
10.178304	-0.003590	20.002000
10.272742	-0.006202	20.048000
10.297069	-0.004775	20.228000
10.321778	-0.000779	20.273000
10.346627	0.004357	20.319000
10.370990	0.011146	20.365000
10.394925	0.016141	20.410000
10.418114	0.020797	20.456000
10.442643	0.023630	20.502000
10.466921	0.025726	20.548000
10.491812	0.029461	20.594000
10.516664	0.033997	20.639000
10.597901	0.036477	20.685000
10.622210	0.030096	20.840000
10.646363	0.031402	20.887000
10.670302	0.034571	20.933000
10.695200	0.038734	20.978000
10.719511	0.040463	21.024000
10.744250	0.037732	21.070000
10.767841	0.029451	21.116000
10.855581	0.006908	21.162000
10.879955	0.004367	21.327000
10.904409	-0.003168	21.373000
10.928136	-0.009512	21.419000
10.951889	-0.018777	21.465000
10.976713	-0.025182	21.511000
11.000203	-0.029940	21.556000
11.024339	-0.033181	21.602000
11.049117	-0.038513	21.648000
11.074054	-0.047927	21.694000
11.097815	-0.059369	21.740000
11.179886	-0.072971	21.786000
11.204200	-0.094882	21.942000
11.228642	-0.099369	21.988000
11.252652	-0.104391	22.034000
11.277622	-0.107878	22.079000
11.301923	-0.107248	22.125000
11.325525	-0.106254	22.171000
11.349436	-0.100404	22.217000
11.549297	-0.076363	22.262000
11.574304	-0.070038	22.640000
11.597619	-0.066263	22.686000
11.622583	-0.064600	22.732000
11.646490	-0.065400	22.778000
11.669936	-0.068294	22.823000
11.753600	-0.071504	22.869000
11.778046	-0.073944	23.026000
11.802548	-0.076923	23.072000
11.827155	-0.080556	23.118000
11.851112	-0.084554	23.164000
11.874962	-0.088749	23.210000
11.899139	-0.090773	23.256000
11.923195	-0.094100	23.301000
12.018966	-0.099289	23.347000
12.043097	-0.101004	23.528000
12.067041	-0.103225	23.574000
12.091751	-0.095215	23.619000
12.115654	-0.091576	23.665000
12.140651	-0.090370	23.711000
12.165155	-0.082784	23.757000
12.189029	-0.074956	23.803000
12.212524	-0.064408	23.849000
12.237044	-0.048920	23.894000
12.261794	-0.036633	23.940000
12.456084	-0.026599	23.986000
12.480827	0.001711	24.354000
12.506064	0.003375	24.400000
12.529587	0.004030	24.446000
12.611437	0.029975	24.492000
12.635934	0.037894	24.647000
12.659894	0.040948	24.693000
12.684685	0.048855	24.739000
12.709236	0.060790	24.785000
12.733904	0.076046	24.831000
12.758319	0.092789	24.876000
12.780909	0.108706	24.922000
12.805361	0.121533	24.968000
12.829532	0.132371	25.014000
12.918494	0.142022	25.060000
12.942173	0.187690	25.227000
12.966263	0.200102	25.272000
12.990465	0.214375	25.318000
13.014071	0.232278	25.364000
13.039149	0.248629	25.410000
13.064070	0.262034	25.456000
13.088491	0.272850	25.502000
13.183806	0.292721	25.547000
13.208435	0.296013	25.728000
13.232646	0.297426	25.773000
13.255912	0.299601	25.819000
13.280113	0.302341	25.865000
13.304575	0.308070	25.911000
13.328686	0.314344	25.957000
13.353042	0.318054	26.003000
13.377732	0.322037	26.049000
13.401847	0.323021	26.094000
13.426011	0.324348	26.140000
13.507562	0.323994	26.186000
13.531695	0.320043	26.342000
13.556308	0.320871	26.388000
13.580840	0.323984	26.434000
13.606349	0.329652	26.480000
13.630437	0.332766	26.526000
13.654322	0.342646	26.571000
13.678296	0.355631	26.617000
13.765283	0.389753	26.663000
13.789424	0.389320	26.828000
13.813399	0.391899	26.873000
13.837183	0.398134	26.920000
13.861468	0.407741	26.965000
13.885985	0.414838	27.011000
13.910829	0.421863	27.057000
13.934903	0.423466	27.102000
13.959045	0.418991	27.148000
13.982538	0.420337	27.194000
14.006536	0.425154	27.239000
14.089780	0.426107	27.285000
14.114458	0.440169	27.441000
14.139340	0.438354	27.487000
14.163657	0.434075	27.533000
14.186740	0.432110	27.579000
14.210673	0.429802	27.625000
14.235135	0.426148	27.670000
14.259557	0.423179	27.716000
14.460050	0.375978	27.762000
14.484168	0.360500	28.140000
14.507872	0.356065	28.186000
14.532070	0.358645	28.232000
14.556431	0.359325	28.278000
14.581003	0.354452	28.323000
14.664402	0.345646	28.369000
14.689255	0.333665	28.527000
14.713120	0.331344	28.572000
14.737421	0.321643	28.618000
14.760750	0.313880	28.664000
14.784959	0.305566	28.710000
14.809143	0.294130	28.755000
14.834011	0.290591	28.801000
14.858695	0.289799	28.847000
14.940157	0.292781	28.893000
14.964299	0.293600	29.049000
14.988073	0.292832	29.094000
15.012017	0.289365	29.140000
15.036672	0.287976	29.186000
15.061036	0.285887	29.232000
15.086113	0.285958	29.277000
15.109165	0.287754	29.323000
15.133348	0.288471	29.368000
15.157514	0.295366	29.414000
15.357998	0.302978	29.460000
15.382879	0.324534	29.839000
15.407124	0.334225	29.885000
15.430818	0.344934	29.931000
15.512678	0.352893	29.977000
15.537229	0.350040	30.132000
15.562210	0.351718	30.178000
15.586619	0.353876	30.224000
15.610466	0.358424	30.270000
15.634578	0.365801	30.316000
15.658551	0.374541	30.361000
15.683042	0.384390	30.407000
15.706807	0.393825	30.453000
15.731572	0.398532	30.499000
15.755761	0.403260	30.545000
15.838350	0.408311	30.591000
15.861848	0.438424	30.747000
15.886012	0.443712	30.792000
15.911104	0.443192	30.838000
15.935193	0.440803	30.884000
15.960197	0.444846	30.930000
15.984700	0.451522	30.976000
16.008692	0.458457	31.022000
16.093498	0.476124	31.068000
16.117451	0.473230	31.228000
16.141938	0.475433	31.274000
16.165139	0.481072	31.320000
16.189601	0.487574	31.365000
16.214142	0.491722	31.411000
16.239042	0.495214	31.457000
16.263372	0.495064	31.503000
16.286529	0.495346	31.548000
16.310679	0.496400	31.594000
16.334837	0.500946	31.640000
16.417052	0.504610	31.686000
16.441651	0.504499	31.841000
16.466265	0.506238	31.887000
16.490370	0.513324	31.933000
16.514244	0.519382	31.978000
16.538199	0.524544	32.024000
16.562619	0.525219	32.070000
16.587423	0.527295	32.116000
16.674871	0.523522	32.162000
16.699191	0.539962	32.328000
16.723536	0.542904	32.374000
16.747562	0.539099	32.419000
16.771745	0.541278	32.466000
16.796261	0.541811	32.511000
16.820472	0.545384	32.557000
16.844888	0.554577	32.603000
16.868957	0.562888	32.648000
16.892789	0.567459	32.694000
16.917499	0.569018	32.740000
17.000117	0.569881	32.786000
17.024402	0.580395	32.941000
17.048043	0.580021	32.987000
17.072509	0.577922	33.033000
17.096393	0.575801	33.078000
17.120017	0.574969	33.124000
17.144845	0.576412	33.170000
17.169251	0.579188	33.216000
17.369105	0.566515	33.261000
17.393583	0.555360	33.640000
17.417926	0.551054	33.686000
17.442285	0.552228	33.732000
17.466307	0.553312	33.778000
17.491345	0.553665	33.824000
17.573814	0.550993	33.869000
17.597871	0.556986	34.027000
17.622235	0.557648	34.073000
17.646490	0.552688	34.118000
17.670664	0.548927	34.165000
17.695506	0.544831	34.211000
17.720009	0.543707	34.256000
17.743791	0.545551	34.302000
17.839807	0.537914	34.348000
17.864725	0.533595	34.528000
17.888878	0.528812	34.574000
17.912612	0.530757	34.620000
17.935833	0.531853	34.666000
17.960169	0.533088	34.712000
17.984423	0.532366	34.757000
18.009108	0.530888	34.803000
18.033665	0.529573	34.849000
18.057864	0.531010	34.895000
18.082378	0.534941	34.941000
18.276345	0.542139	34.987000
18.300381	0.525527	35.355000
18.324826	0.524150	35.400000
18.349101	0.527896	35.446000
18.432094	0.526252	35.492000
18.456401	0.523299	35.648000
18.481192	0.527346	35.694000
18.504991	0.526293	35.740000
18.528391	0.524282	35.786000
18.552732	0.519473	35.832000
18.577058	0.515512	35.877000
18.601960	0.506138	35.923000
18.626568	0.501521	35.969000
18.650206	0.498487	36.015000
18.737471	0.499318	36.060000
18.762289	0.489964	36.227000
18.787629	0.483039	36.273000
18.811332	0.474769	36.319000
18.835418	0.467470	36.365000
18.859289	0.464240	36.410000
18.883353	0.465716	36.456000
18.907767	0.466599	36.501000
18.932433	0.463715	36.547000
19.015027	0.455828	36.593000
19.039072	0.454411	36.749000
19.062856	0.451951	36.795000
19.086917	0.449174	36.840000
19.110422	0.446675	36.886000
19.135430	0.447979	36.932000
19.159839	0.449512	36.978000
19.184207	0.449502	37.023000
19.207612	0.443253	37.069000
19.231662	0.437709	37.115000
19.320961	0.432533	37.161000
19.344537	0.430396	37.327000
19.368771	0.435199	37.373000
19.392814	0.438994	37.418000
19.416516	0.440824	37.464000
19.440463	0.443465	37.510000
19.464993	0.441666	37.556000
19.489634	0.437018	37.602000
19.514061	0.438802	37.647000
19.596078	0.453630	37.693000
19.619836	0.458801	37.849000
19.644465	0.465111	37.895000
19.668833	0.474677	37.941000
19.693633	0.485226	37.987000
19.718407	0.496833	38.032000
19.742289	0.513395	38.078000
19.766057	0.524271	38.124000
19.790145	0.533837	38.170000
19.814023	0.537975	38.216000
19.902473	0.547440	38.261000
19.926069	0.572657	38.427000
19.950418	0.576614	38.473000
19.974285	0.584085	38.519000
19.998663	0.589914	38.564000
20.023444	0.597722	38.610000
20.047625	0.605141	38.656000
20.072295	0.612501	38.702000
20.279339	0.662186	38.748000
20.304005	0.666008	39.141000
20.328427	0.665735	39.187000
20.353035	0.662328	39.232000
20.377710	0.657391	39.278000
20.400740	0.656933	39.324000
20.484301	0.654460	39.370000
20.507816	0.659562	39.527000
20.532294	0.658129	39.573000
20.557254	0.654409	39.619000
20.581483	0.652990	39.665000
20.605955	0.654298	39.711000
20.629688	0.658265	39.756000
20.654348	0.662136	39.802000
20.678161	0.670389	39.848000
20.761526	0.696666	39.893000
20.785959	0.702759	40.049000
20.810155	0.707978	40.095000
20.834269	0.707372	40.141000
20.857460	0.705141	40.187000
20.881484	0.706277	40.233000
20.905510	0.714317	40.278000
20.930380	0.725618	40.324000
20.954965	0.736435	40.370000
20.978687	0.734360	40.416000
21.177962	0.746211	40.461000
21.202558	0.823503	40.839000
21.226763	0.829678	40.885000
21.251533	0.835358	40.931000
21.334464	0.855215	40.977000
21.358246	0.859652	41.133000
21.382159	0.863154	41.179000
21.406477	0.866465	41.224000
21.430809	0.869066	41.270000
21.454843	0.873264	41.316000
21.480052	0.875411	41.362000
21.504163	0.873693	41.408000
21.528523	0.870562	41.454000
21.552227	0.863819	41.500000
21.576502	0.855518	41.546000
21.659184	0.853018	41.591000
21.683199	0.827470	41.747000
21.708199	0.818937	41.793000
21.731900	0.806220	41.838000
21.755688	0.796675	41.884000
21.779886	0.785496	41.930000
21.803549	0.775183	41.976000
21.827959	0.767379	42.022000
21.913543	0.742042	42.068000
21.937946	0.736526	42.228000
21.962404	0.729136	42.274000
21.987097	0.718890	42.320000
22.011088	0.710495	42.366000
22.034765	0.704106	42.411000
22.058783	0.695763	42.457000
22.083662	0.687551	42.503000
22.107566	0.680596	42.549000
22.132349	0.677920	42.595000
22.156083	0.674932	42.641000
22.238861	0.671736	42.686000
22.262654	0.655474	42.843000
22.286586	0.656993	42.888000
22.310997	0.656094	42.934000
22.335426	0.660960	42.980000
22.360507	0.664609	43.026000
22.384464	0.665276	43.072000
22.407413	0.668167	43.117000
22.495384	0.683659	43.163000
22.519512	0.685269	43.329000
22.544055	0.686894	43.374000
22.567901	0.691524	43.420000
22.591921	0.700396	43.466000
22.615930	0.706054	43.511000
22.640363	0.709305	43.557000
22.665404	0.714327	43.603000
22.689616	0.718663	43.649000
22.713823	0.723866	43.695000
22.737215	0.726006	43.740000
22.819447	0.725790	43.786000
22.843958	0.725588	43.942000
22.868397	0.724749	43.987000
22.893068	0.722882	44.033000
22.917189	0.719900	44.079000
22.941169	0.718249	44.125000
22.965099	0.720187	44.171000
22.988872	0.719415	44.217000
23.190313	0.668895	44.262000
23.213732	0.664842	44.641000
23.238328	0.656822	44.687000
23.262510	0.652168	44.733000
23.286719	0.644516	44.778000
23.310290	0.636526	44.824000
23.393922	0.625993	44.870000
23.418897	0.607271	45.027000
23.443423	0.598217	45.073000
23.467751	0.596127	45.119000
23.491318	0.588607	45.165000
23.515204	0.582046	45.211000
23.539883	0.573530	45.256000
23.563488	0.564001	45.302000
23.588519	0.559206	45.348000
23.670845	0.527673	45.394000
23.694708	0.513446	45.550000
23.718975	0.503587	45.595000
23.742805	0.494570	45.641000
23.767183	0.489062	45.687000
23.791843	0.483241	45.733000
23.816643	0.479233	45.779000
23.840817	0.479959	45.825000
23.865081	0.480741	45.870000
23.889132	0.479949	45.916000
24.088157	0.475902	45.962000
24.113309	0.470851	46.340000
24.137191	0.477046	46.386000
24.161204	0.483664	46.431000
24.242944	0.515869	46.477000
24.266805	0.528998	46.633000
24.291824	0.541145	46.679000
24.316644	0.549950	46.725000
24.341250	0.559013	46.770000
24.365478	0.561814	46.816000
24.389539	0.563637	46.862000
24.413367	0.564304	46.908000
24.437178	0.570935	46.953000
24.461827	0.576715	46.999000
24.486170	0.580920	47.045000
24.568402	0.585200	47.091000
24.593108	0.583701	47.246000
24.616591	0.587673	47.292000
24.640515	0.592144	47.338000
24.664676	0.594194	47.383000
24.689240	0.601512	47.429000
24.713855	0.604440	47.475000
24.737234	0.607150	47.521000
24.823946	0.623337	47.566000
24.848341	0.634613	47.729000
24.872661	0.645833	47.775000
24.896199	0.657129	47.820000
24.920840	0.666562	47.866000
24.945195	0.672533	47.912000
24.969067	0.674907	47.958000
24.993677	0.676472	48.004000
25.017815	0.683109	48.049000
25.042239	0.692284	48.095000
25.065833	0.701360	48.141000
25.147037	0.712055	48.186000
25.171807	0.752181	48.342000
25.196117	0.765138	48.388000
25.220195	0.774996	48.433000
25.245216	0.786298	48.479000
25.268791	0.796170	48.525000
25.292929	0.806381	48.570000
25.317195	0.814320	48.616000
25.406329	0.847777	48.662000
25.430269	0.857624	48.829000
25.454218	0.858950	48.875000
25.478413	0.854389	48.920000
25.502802	0.850548	48.966000
25.527635	0.854368	49.012000
25.551571	0.861309	49.058000
25.575155	0.867811	49.103000
25.599404	0.873935	49.149000
25.623544	0.878228	49.195000
25.648056	0.880420	49.241000
25.731157	0.882954	49.287000
25.755711	0.896569	49.443000
25.779693	0.900011	49.489000
25.803831	0.905781	49.534000
25.827709	0.910922	49.580000
25.851695	0.918200	49.626000
25.876230	0.922796	49.672000
25.900212	0.930311	49.718000
26.100322	0.923700	49.764000
26.124476	0.929672	50.141000
26.148088	0.934006	50.187000
26.172408	0.939097	50.233000
26.196534	0.942368	50.278000
26.221474	0.947439	50.325000
26.305040	0.948613	50.370000
26.329100	0.971097	50.527000
26.353392	0.973314	50.573000
26.376744	0.977029	50.619000
26.401388	0.980033	50.665000
26.425762	0.979034	50.711000
26.450267	0.975743	50.756000
26.475003	0.971857	50.802000
26.569800	0.957725	50.848000
26.593903	0.962765	51.029000
26.617958	0.969983	51.074000
26.642370	0.976136	51.120000
26.666477	0.980944	51.166000
26.690269	0.983092	51.212000
26.714433	0.985571	51.258000
26.738771	0.986937	51.303000
26.763375	0.989447	51.349000
26.787664	0.992607	51.395000
26.812684	0.996534	51.441000
27.005890	0.991695	51.487000
27.030375	0.983802	51.854000
27.054205	0.979327	51.900000
27.078341	0.978254	51.946000
27.161538	0.977688	51.992000
27.185904	0.986855	52.148000
27.210139	0.991563	52.194000
27.234692	0.997448	52.239000
27.258643	0.999658	52.285000
27.283263	0.997785	52.331000
27.307500	0.994361	52.377000
27.331350	0.992032	52.423000
27.356346	0.990898	52.469000
27.381144	0.988181	52.514000
27.467716	0.983600	52.560000
27.492429	0.964392	52.728000
27.517164	0.965255	52.773000
27.541317	0.962185	52.819000
27.565689	0.964200	52.865000
27.589819	0.956833	52.911000
27.613811	0.956985	52.956000
27.637883	0.962260	53.002000
27.662113	0.963379	53.048000
27.745359	0.964564	53.094000
27.770085	0.968057	53.250000
27.793623	0.979176	53.296000
27.817933	0.988701	53.342000
27.841767	0.995968	53.388000
27.866326	0.998634	53.433000
27.890064	1.001920	53.479000
27.914681	1.008052	53.525000
27.939535	1.022774	53.571000
27.963619	1.037331	53.617000
28.050168	1.050011	53.663000
28.074924	1.076695	53.828000
28.099098	1.087542	53.874000
28.123627	1.096370	53.919000
28.147809	1.105245	53.965000
28.171889	1.107930	54.011000
28.196042	1.117948	54.057000
28.220898	1.132829	54.103000
28.316027	1.169608	54.149000
28.340387	1.175690	54.329000
28.364219	1.184472	54.375000
28.389098	1.193462	54.421000
28.413265	1.202971	54.466000
28.437627	1.207744	54.512000
28.461288	1.212532	54.558000
28.485270	1.225939	54.604000
28.509515	1.241558	54.649000
28.534043	1.252117	54.696000
28.558768	1.262239	54.742000
28.641196	1.272343	54.788000
28.665480	1.292549	54.943000
28.689765	1.294067	54.989000
28.713396	1.299837	55.035000
28.737470	1.307528	55.080000
28.761815	1.316039	55.126000
28.786946	1.321630	55.172000
28.811149	1.323484	55.218000
29.009699	1.356961	55.264000
29.033752	1.361487	55.641000
29.057814	1.367600	55.687000
29.083310	1.375861	55.733000
29.108034	1.379938	55.778000
29.131985	1.385488	55.824000
29.215099	1.391279	55.870000
29.239213	1.383028	56.028000
29.262980	1.376194	56.074000
29.287953	1.377288	56.119000
29.311945	1.377721	56.165000
29.336951	1.375598	56.211000
29.361071	1.368155	56.257000
29.384719	1.359874	56.303000
29.480677	1.352887	56.349000
29.505028	1.341623	56.529000
29.528939	1.329739	56.575000
29.552491	1.326388	56.620000
29.576430	1.326095	56.666000
29.600872	1.328957	56.712000
29.625745	1.326659	56.758000
29.650036	1.325404	56.804000
29.673749	1.325343	56.849000
29.698290	1.328433	56.895000
29.721778	1.332732	56.940000
29.916894	1.335651	56.987000
29.940791	1.375311	57.354000
29.965063	1.374757	57.400000
29.989399	1.375159	57.446000
30.072288	1.384223	57.491000
30.096535	1.386561	57.648000
30.120619	1.383291	57.694000
30.144126	1.383109	57.740000
30.168372	1.381965	57.786000
30.192961	1.385134	57.831000
30.217407	1.382715	57.877000
30.241923	1.388698	57.923000
30.266299	1.384243	57.969000
30.290734	1.393850	58.015000
30.378796	1.391974	58.061000
30.403255	1.382826	58.228000
30.427923	1.383889	58.274000
30.452072	1.383028	58.320000
30.475270	1.381415	58.365000
30.499417	1.379637	58.411000
30.523991	1.374990	58.457000
30.548259	1.374414	58.503000
30.573032	1.370891	58.548000
30.655745	1.361628	58.594000
30.679285	1.354895	58.750000
30.703486	1.344205	58.796000
30.727274	1.330914	58.842000
30.751223	1.321439	58.888000
30.776141	1.317356	58.933000
30.801419	1.312437	58.979000
30.824777	1.307399	59.025000
30.848828	1.309323	59.070000
30.872599	1.313641	59.116000
30.961110	1.312744	59.162000
30.985922	1.296038	59.328000
31.009360	1.289934	59.373000
31.033688	1.283408	59.420000
31.057530	1.275569	59.465000
31.081514	1.265248	59.511000
31.106358	1.253696	59.557000
31.130665	1.242365	59.603000
31.155056	1.230188	59.648000
31.236539	1.206982	59.694000
31.260588	1.201360	59.850000
31.285047	1.195571	59.896000
31.309392	1.192563	59.942000
31.334593	1.189378	59.988000
31.358700	1.182413	60.034000
31.383053	1.172742	60.080000
31.406676	1.162845	60.125000
31.430708	1.157908	60.171000
31.455521	1.156025	60.217000
31.542575	1.153083	60.263000
31.566845	1.137280	60.428000
31.591011	1.137735	60.474000
31.615577	1.140147	60.520000
31.639872	1.143403	60.565000
31.663983	1.143655	60.611000
31.688180	1.144538	60.657000
31.712245	1.137644	60.703000
31.736115	1.129684	60.748000
31.931279	1.112563	60.794000
31.955566	1.113335	61.163000
31.980090	1.116637	61.209000
32.004245	1.117999	61.255000
32.029088	1.117166	61.300000
32.053872	1.113466	61.346000
32.135156	1.107303	61.391000
32.159074	1.089001	61.548000
32.183469	1.084564	61.594000
32.207933	1.077679	61.639000
32.232086	1.068706	61.685000
32.256827	1.062058	61.731000
32.281552	1.059086	61.777000
32.304991	1.059716	61.823000
32.390615	1.057980	61.868000
32.414584	1.056390	62.029000
32.438564	1.053357	62.075000
32.462271	1.052151	62.121000
32.486854	1.054755	62.167000
32.511726	1.055153	62.213000
32.535929	1.057213	62.258000
32.559667	1.057364	62.304000
32.582959	1.055971	62.349000
32.606931	1.054684	62.395000
32.631661	1.055234	62.441000
32.826590	1.054300	62.487000
32.851331	1.063345	62.855000
32.876183	1.066677	62.900000
32.900451	1.070003	62.946000
32.982430	1.044660	62.992000
33.006521	1.042197	63.148000
33.030958	1.043514	63.194000
33.054777	1.048970	63.240000
33.079149	1.051297	63.286000
33.103360	1.049748	63.331000
33.127489	1.044902	63.377000
33.151658	1.044579	63.423000
33.174958	1.046972	63.469000
33.199295	1.049465	63.514000
33.289130	1.054846	63.560000
33.313610	1.087279	63.728000
33.337559	1.085821	63.774000
33.361570	1.083903	63.820000
33.386218	1.085952	63.865000
33.410072	1.092691	63.911000
33.434931	1.097944	63.957000
33.459365	1.104059	64.003000
33.483602	1.104901	64.049000
33.565201	1.116051	64.095000
33.589250	1.121759	64.250000
33.613772	1.125359	64.296000
33.638220	1.128624	64.342000
33.662869	1.129971	64.388000
33.687175	1.130769	64.434000
33.711232	1.131228	64.480000
33.735089	1.133051	64.525000
33.759289	1.135241	64.571000
33.783211	1.138143	64.617000
33.870971	1.142388	64.663000
33.894587	1.158640	64.828000
33.919492	1.163425	64.874000
33.943407	1.165909	64.920000
33.968667	1.169345	64.966000
33.993380	1.173449	65.011000
34.016926	1.177426	65.057000
34.041118	1.178723	65.103000
34.136984	1.186275	65.149000
34.160972	1.186946	65.329000
34.184491	1.195289	65.375000
34.208728	1.194254	65.421000
34.232493	1.192044	65.467000
34.256635	1.185527	65.513000
34.281667	1.177931	65.558000
34.305963	1.174585	65.605000
34.331218	1.172823	65.650000
34.354764	1.171465	65.696000
34.379025	1.162400	65.742000
34.460923	1.154607	65.788000
34.485325	1.154678	65.943000
34.509724	1.152069	65.989000
34.534526	1.145290	66.035000
34.558687	1.140565	66.081000
34.582386	1.137118	66.127000
34.606171	1.133721	66.173000
34.630665	1.138830	66.219000
34.830919	1.148959	66.264000
34.855583	1.148288	66.642000
34.879360	1.146829	66.687000
34.903578	1.146809	66.733000
34.927796	1.148808	66.779000
34.951327	1.157110	66.825000
35.035637	1.165096	66.871000
35.059982	1.168311	67.028000
35.084431	1.167624	67.074000
35.108296	1.169315	67.120000
35.131500	1.177709	67.166000
35.155818	1.181570	67.211000
35.179756	1.184340	67.257000
35.204527	1.183094	67.303000
35.229376	1.179798	67.349000
35.311562	1.188909	67.395000
35.335822	1.185048	67.551000
35.359752	1.179279	67.596000
35.384316	1.176502	67.642000
35.407901	1.173615	67.688000
35.432534	1.164146	67.734000
35.457152	1.162047	67.780000
35.481178	1.155748	67.825000
35.505315	1.151624	67.871000
35.529015	1.150044	67.917000
35.729761	1.154269	67.963000
35.754697	1.143472	68.340000
35.778639	1.144851	68.386000
35.803011	1.144669	68.432000
35.884675	1.138405	68.478000
35.909223	1.139167	68.634000
35.933403	1.138617	68.680000
35.958102	1.134695	68.726000
35.982151	1.128084	68.771000
36.006503	1.121068	68.817000
36.030391	1.119942	68.863000
36.054118	1.125600	68.908000
36.078547	1.131874	68.954000
36.102808	1.137805	69.000000
36.127618	1.136967	69.046000
36.210307	1.133222	69.092000
36.233880	1.125863	69.248000
36.258117	1.119801	69.294000
36.282647	1.115889	69.340000
36.306631	1.116742	69.385000
36.331168	1.117419	69.431000
36.355594	1.115379	69.477000
36.379942	1.111296	69.523000
36.465171	1.104432	69.569000
36.489132	1.108283	69.730000
36.513243	1.110585	69.775000
36.536965	1.113173	69.821000
36.561364	1.113688	69.867000
36.585575	1.112957	69.913000
36.610262	1.112230	69.959000
36.635168	1.114976	70.004000
36.659774	1.121466	70.050000
36.683631	1.126271	70.096000
36.706985	1.132637	70.142000
36.789021	1.134055	70.188000
36.813136	1.136755	70.344000
36.838126	1.142246	70.390000
36.862233	1.147481	70.435000
36.886678	1.152139	70.481000
36.911111	1.155965	70.527000
36.934807	1.159695	70.573000
36.958995	1.164167	70.618000
37.046467	1.199393	70.664000
37.070412	1.205818	70.830000
37.094792	1.206267	70.875000
37.118983	1.211075	70.921000
37.143640	1.219538	70.967000
37.167378	1.230929	71.013000
37.191869	1.242062	71.058000
37.215929	1.251094	71.104000
37.239740	1.258947	71.150000
37.263348	1.265570	71.196000
37.287916	1.271623	71.241000
37.371120	1.275237	71.287000
37.395077	1.305240	71.443000
37.419180	1.310870	71.488000
37.442991	1.312638	71.534000
37.467105	1.311963	71.579000
37.491416	1.311232	71.625000
37.515742	1.315868	71.671000
37.539633	1.322229	71.717000
37.740613	1.332511	71.763000
37.764025	1.331855	72.142000
37.788251	1.329709	72.188000
37.812411	1.327290	72.234000
37.837798	1.329220	72.279000
37.862170	1.333917	72.325000
37.945616	1.335732	72.371000
37.969404	1.334346	72.528000
37.993169	1.342606	72.574000
38.017514	1.352001	72.620000
38.042058	1.361405	72.666000
38.066384	1.366588	72.712000
38.090737	1.371194	72.758000
38.115232	1.376853	72.804000
38.210215	1.400426	72.849000
38.234379	1.398384	73.029000
38.259131	1.397936	73.076000
38.283281	1.400571	73.121000
38.307506	1.406307	73.167000
38.330891	1.412779	73.213000
38.355240	1.420979	73.259000
38.379693	1.426260	73.305000
38.404637	1.431574	73.351000
38.429846	1.427476	73.396000
38.453750	1.422899	73.443000
38.648329	1.417436	73.489000
38.672632	1.428920	73.856000
38.695924	1.428218	73.902000
38.720488	1.426462	73.948000
38.802744	1.434471	73.994000
38.827753	1.433906	74.150000
38.852375	1.434451	74.196000
38.876217	1.433195	74.241000
38.900573	1.430570	74.287000
38.924158	1.430065	74.333000
38.948660	1.432912	74.379000
38.972586	1.436339	74.425000
38.997611	1.435244	74.471000
39.022033	1.432932	74.516000
39.108626	1.429698	74.562000
39.133524	1.446091	74.728000
39.157500	1.451198	74.774000
39.182080	1.458083	74.820000
39.206567	1.463091	74.866000
39.230662	1.465881	74.912000
39.254454	1.468880	74.958000
39.278530	1.470086	75.004000
39.374331	1.493435	75.049000
39.398438	1.497750	75.230000
39.422929	1.501138	75.275000
39.447017	1.498806	75.321000
39.472265	1.498796	75.368000
39.496902	1.497968	75.413000
39.520901	1.497599	75.460000
39.545392	1.499154	75.505000
39.568811	1.500370	75.551000
39.592979	1.500663	75.597000
39.616844	1.500249	75.643000
39.699937	1.501657	75.688000
39.723836	1.501576	75.844000
39.747409	1.499961	75.890000
39.771723	1.494894	75.935000
39.795415	1.486814	75.981000
39.819972	1.482069	76.027000
39.844286	1.478359	76.072000
39.869330	1.475270	76.118000
39.956299	1.478470	76.164000
39.980395	1.472348	76.330000
40.005366	1.464988	76.376000
40.029684	1.458875	76.421000
40.054167	1.458134	76.467000
40.078193	1.456827	76.513000
40.101336	1.456483	76.559000
40.125516	1.454626	76.605000
40.149895	1.451098	76.650000
40.174728	1.446030	76.696000
40.199004	1.440902	76.742000
40.281886	1.435224	76.788000
40.305731	1.440801	76.944000
40.329692	1.442674	76.990000
40.353826	1.442351	77.035000
40.378355	1.442633	77.081000
40.403058	1.442846	77.127000
40.427987	1.445929	77.173000
40.451898	1.452662	77.219000
40.650646	1.454940	77.265000
40.675033	1.449498	77.642000
40.699359	1.441336	77.688000
40.724299	1.436197	77.734000
40.748832	1.431848	77.780000
40.772728	1.430206	77.826000
40.855206	1.434684	77.871000
40.879770	1.429131	78.029000
40.903650	1.422809	78.074000
40.927872	1.427285	78.120000
40.952993	1.430045	78.166000
40.976947	1.429263	78.212000
41.001257	1.432478	78.258000
41.024922	1.431595	78.303000
41.048868	1.430156	78.349000
41.131265	1.444985	78.395000
41.155391	1.448402	78.551000
41.180201	1.451779	78.597000
41.204627	1.453318	78.643000
41.228464	1.462161	78.688000
41.252368	1.470969	78.734000
41.276156	1.475814	78.780000
41.300789	1.480478	78.825000
41.325311	1.481927	78.871000
41.349752	1.485303	78.917000
41.548949	1.489377	78.963000
41.572987	1.511752	79.341000
41.597497	1.514452	79.387000
41.621769	1.519206	79.433000
41.705888	1.530042	79.479000
41.729779	1.530204	79.634000
41.753229	1.539857	79.680000
41.777075	1.544661	79.726000
41.801270	1.554851	79.772000
41.825834	1.560576	79.818000
41.849948	1.563831	79.863000
41.874340	1.566935	79.909000
41.898938	1.569297	79.955000
41.922780	1.572204	80.000000
41.946453	1.572255	80.046000
42.028827	1.572356	80.092000
42.053875	1.587523	80.248000
42.078508	1.588396	80.294000
42.102246	1.587190	80.340000
42.126730	1.585580	80.385000
42.150379	1.585802	80.431000
42.174382	1.586826	80.477000
42.198355	1.590567	80.523000
42.284383	1.592167	80.568000
42.308847	1.591551	80.730000
42.333395	1.591294	80.776000
42.358136	1.593545	80.821000
42.381993	1.598572	80.867000
42.406284	1.603523	80.913000
42.429823	1.607364	80.959000
42.453680	1.609126	81.005000
42.478102	1.609288	81.051000
42.502800	1.606653	81.096000
42.527441	1.603856	81.142000
42.609861	1.604088	81.188000
42.633838	1.611836	81.344000
42.658094	1.610478	81.390000
42.681940	1.609106	81.436000
42.706512	1.612594	81.481000
42.730630	1.619084	81.528000
42.755517	1.627720	81.573000
42.779808	1.638207	81.619000
42.866858	1.666211	81.665000
42.891821	1.670536	81.830000
42.915598	1.676608	81.876000
42.939705	1.687369	81.922000
42.963066	1.701179	81.968000
42.987630	1.714107	82.013000
43.011833	1.725352	82.059000
43.036047	1.735058	82.105000
43.060988	1.744028	82.151000
43.085102	1.752451	82.196000
43.109290	1.763191	82.242000
43.191441	1.773231	82.288000
43.215518	1.814353	82.444000
43.240128	1.820003	82.490000
43.264177	1.824080	82.536000
43.289125	1.822986	82.582000
43.313174	1.824670	82.627000
43.337143	1.829438	82.673000
43.361615	1.837901	82.719000
43.560758	1.943265	82.765000
43.585952	1.954828	83.143000
43.609737	1.967675	83.188000
43.633878	1.982701	83.234000
43.658158	1.995921	83.280000
43.682215	2.007130	83.326000
43.765553	2.020202	83.371000
43.790190	2.070486	83.529000
43.814324	2.084388	83.575000
43.838277	2.095949	83.620000
43.862015	2.109291	83.666000
43.885918	2.122078	83.712000
43.910163	2.134613	83.757000
43.934405	2.146170	83.803000
43.958431	2.157701	83.849000
44.041297	2.193494	83.894000
44.065930	2.205939	84.050000
44.090041	2.219028	84.096000
44.114205	2.233130	84.141000
44.138385	2.245987	84.187000
44.162465	2.265442	84.233000
44.187521	2.282497	84.279000
44.211651	2.300229	84.325000
44.235569	2.314452	84.370000
44.259423	2.327450	84.416000
44.459093	2.336110	84.462000
44.483872	2.463229	84.841000
44.508255	2.479153	84.887000
44.533465	2.495880	84.933000
44.615528	2.540183	84.979000
44.639366	2.552719	85.135000
44.663438	2.566574	85.180000
44.687606	2.578938	85.226000
44.712620	2.592269	85.272000
44.737234	2.607845	85.318000
44.760734	2.626313	85.364000
44.784537	2.645172	85.409000
44.808248	2.666754	85.455000
44.832409	2.688689	85.501000
44.856777	2.719322	85.547000
44.940361	2.745834	85.593000
44.964822	2.824512	85.749000
44.988790	2.848569	85.795000
45.012981	2.873376	85.840000
45.036274	2.897180	85.886000
45.060335	2.921094	85.932000
45.084537	2.940947	85.978000
45.109543	2.954973	86.023000
45.194465	3.010192	86.069000
45.218514	3.022349	86.231000
45.243136	3.042211	86.276000
45.266927	3.050492	86.322000
45.291607	3.056968	86.368000
45.315552	3.066660	86.414000
45.339797	3.077774	86.460000
45.363989	3.090924	86.506000
45.388545	3.103700	86.552000
45.412882	3.107001	86.597000
45.436636	3.111118	86.643000
45.518284	3.116078	86.689000
45.542356	3.151097	86.844000
45.567070	3.150165	86.890000
45.591968	3.139797	86.936000
45.616221	3.125523	86.982000
45.640831	3.118205	87.027000
45.664481	3.115332	87.073000
45.687827	3.119581	87.119000
45.775922	3.191131	87.165000
45.800474	3.218655	87.330000
45.824654	3.239984	87.376000
45.848769	3.253234	87.422000
45.872983	3.258812	87.468000
45.897240	3.267994	87.514000
45.921973	3.283700	87.560000
45.946798	3.302078	87.606000
45.971135	3.320591	87.652000
45.995365	3.338343	87.697000
46.018957	3.353597	87.743000
46.100824	3.371172	87.789000
46.125700	3.447960	87.944000
46.150022	3.470094	87.990000
46.174128	3.490647	88.036000
46.197655	3.515344	88.081000
46.221958	3.539279	88.127000
46.246460	3.561254	88.173000
46.270414	3.582292	88.219000
46.471378	3.858727	88.264000
46.495316	3.892082	88.643000
46.519131	3.928198	88.688000
46.542942	3.965319	88.734000
46.566607	4.002716	88.780000
46.591659	4.032212	88.826000
46.675405	4.061915	88.872000
46.700015	4.167896	89.029000
46.723791	4.201798	89.075000
46.747821	4.235093	89.120000
46.771555	4.262881	89.166000
46.795635	4.289281	89.212000
46.819919	4.316040	89.258000
46.845059	4.343813	89.304000
46.869554	4.375562	89.350000
46.951633	4.499975	89.396000
46.975643	4.538325	89.551000
46.999658	4.580325	89.597000
47.023473	4.623484	89.643000
47.048848	4.665268	89.688000
47.073504	4.708542	89.734000
47.097626	4.752426	89.780000
47.121230	4.796098	89.826000
47.144833	4.830556	89.872000
47.169305	4.847480	89.917000
47.369351	4.853619	89.963000
47.394123	5.026223	90.341000
47.418483	5.062579	90.387000
47.442306	5.096241	90.433000
47.524054	5.205166	90.479000
47.548522	5.237822	90.635000
47.573240	5.273443	90.681000
47.597831	5.311831	90.727000
47.622283	5.351782	90.772000
47.646186	5.391484	90.818000
47.669798	5.424928	90.864000
47.694777	5.446288	90.910000
47.718649	5.460124	90.956000
47.742272	5.474593	91.002000
47.766521	5.497261	91.048000
47.849533	5.531563	91.093000
47.874158	5.710280	91.249000
47.898000	5.774300	91.295000
47.922426	5.839516	91.341000
47.946417	5.900737	91.387000
47.970962	5.959207	91.432000
47.996287	6.013854	91.478000
48.020252	6.060228	91.524000
48.105023	6.152254	91.570000
48.129207	6.177770	91.730000
48.153002	6.220500	91.776000
48.177075	6.270974	91.822000
48.200940	6.325739	91.868000
48.225630	6.380188	91.914000
48.250440	6.429194	91.960000
48.275108	6.459948	92.006000
48.299130	6.480084	92.052000
48.323229	6.488524	92.097000
48.347098	6.489134	92.143000
48.428620	6.492455	92.189000
48.453395	6.618152	92.345000
48.478339	6.664511	92.390000
48.502496	6.707910	92.436000
48.526626	6.751888	92.482000
48.550410	6.800705	92.528000
48.574667	6.852928	92.574000
48.599112	6.910674	92.620000
48.686645	7.120564	92.665000
48.710737	7.174102	92.831000
48.735009	7.239163	92.877000
48.759531	7.312822	92.922000
48.783914	7.372431	92.968000
48.808540	7.419797	93.014000
48.832946	7.467192	93.060000
48.857164	7.522571	93.106000
48.880887	7.593710	93.152000
48.904710	7.672367	93.198000
48.928770	7.756049	93.243000
49.011752	7.831522	93.289000
49.036170	8.003009	93.444000
49.060008	8.066319	93.490000
49.083792	8.142115	93.536000
49.108329	8.224514	93.582000
49.132313	8.309933	93.627000
49.156696	8.381822	93.673000
49.181391	8.439201	93.719000
49.380911	8.691790	93.765000
49.404972	8.780261	94.143000
49.429455	8.876897	94.189000
49.453669	8.974863	94.235000
49.477976	9.064099	94.281000
49.502340	9.124723	94.327000
49.585233	9.168815	94.372000
49.609021	9.324729	94.529000
49.633051	9.370564	94.575000
49.657646	9.412843	94.621000
49.681776	9.451616	94.667000
49.706935	9.493373	94.713000
49.731292	9.555194	94.758000
49.755687	9.642948	94.804000
49.779075	9.744398	94.850000
49.860789	10.007849	94.896000
49.885737	10.050517	95.051000
49.910478	10.104029	95.097000
49.934815	10.178013	95.143000
49.958538	10.262861	95.189000
49.982798	10.343046	95.235000
50.006944	10.409810	95.281000
50.031400	10.476389	95.327000
50.055119	10.554030	95.373000
50.079183	10.649924	95.418000
50.279710	10.756944	95.464000
50.303686	11.453548	95.842000
50.327716	11.567593	95.887000
50.352280	11.639630	95.933000
50.434735	11.816212	95.979000
50.459338	11.872182	96.135000
50.484251	11.929816	96.181000
50.508051	12.007118	96.227000
50.531635	12.113503	96.273000
50.555158	12.242864	96.318000
50.580295	12.366049	96.364000
50.604440	12.462908	96.410000
50.629330	12.535804	96.456000
50.654240	12.615835	96.502000
50.678366	12.723776	96.547000
50.760007	12.832545	96.593000
50.783668	13.119473	96.749000
50.807990	13.222449	96.795000
50.833138	13.331403	96.841000
50.858121	13.421691	96.887000
50.882066	13.482490	96.932000
50.905643	13.526576	96.978000
50.929627	13.584627	97.024000
51.014871	13.901375	97.070000
51.038836	13.984997	97.231000
51.062904	14.053477	97.277000
51.087771	14.107045	97.322000
51.111813	14.169630	97.368000
51.135712	14.252366	97.414000
51.159804	14.348548	97.460000
51.183776	14.441403	97.505000
51.207768	14.525540	97.551000
51.232270	14.606203	97.597000
51.256589	14.682951	97.643000
51.339704	14.755333	97.688000
51.363223	15.113815	97.844000
51.387146	15.243411	97.890000
51.410826	15.366034	97.935000
51.434991	15.476002	97.981000
51.459608	15.581866	98.027000
51.484023	15.697524	98.073000
51.508483	15.830420	98.118000
51.596470	16.362913	98.164000
51.620642	16.513219	98.331000
51.645291	16.663004	98.376000
51.669659	16.801586	98.422000
51.694323	16.891077	98.468000
51.717519	16.946967	98.513000
51.741445	16.980007	98.559000
51.765529	16.996414	98.605000
51.790466	17.038482	98.651000
51.815049	17.127747	98.697000
51.839237	17.250886	98.742000
51.921154	17.392437	98.788000
51.944596	17.798182	98.943000
51.969087	17.863799	98.989000
51.993163	17.927853	99.035000
52.017716	18.008872	99.081000
52.042729	18.119896	99.127000
52.066663	18.257530	99.173000
52.090912	18.410820	99.218000
52.290559	19.709315	99.264000
52.314454	19.882427	99.643000
52.339791	20.030757	99.689000
