Sample	2mm tape 
date	08/01/2026
	
Temperature (K)	77.00
Angle (deg.)	90.000000
field / T	0.400000
	
		
Approx. trace time (s)	90.0	
		
Current / A	V1  -sample/ uV	time/s
-0.018323	-0.147787	0.000000
-0.018245	-0.147525	0.046000
-0.018729	-0.148519	0.092000
-0.018717	-0.105189	0.138000
-0.018484	-0.111150	0.506000
-0.018621	-0.112427	0.552000
-0.018431	-0.109064	0.597000
-0.018669	-0.107207	0.643000
-0.018257	-0.107116	0.689000
0.030858	-0.104361	0.735000
0.050651	-0.096411	0.890000
0.070712	-0.096654	0.936000
0.089848	-0.088972	0.982000
0.109611	-0.083607	1.028000
0.129960	-0.079293	1.073000
0.150590	-0.071696	1.119000
0.169505	-0.073712	1.165000
0.247384	-0.061168	1.211000
0.268317	-0.058496	1.391000
0.287784	-0.055513	1.437000
0.306533	-0.050877	1.483000
0.326438	-0.044192	1.529000
0.346683	-0.035631	1.575000
0.366506	-0.030081	1.621000
0.385521	-0.026477	1.666000
0.406402	-0.024376	1.712000
0.426615	-0.024699	1.758000
0.444853	-0.022310	1.804000
0.605414	-0.020586	1.850000
0.625159	0.021412	2.218000
0.644886	0.022797	2.264000
0.664184	0.024581	2.310000
0.731506	0.003334	2.356000
0.751884	-0.006505	2.511000
0.772562	-0.013298	2.557000
0.791145	-0.016318	2.603000
0.810674	-0.019230	2.649000
0.831130	-0.017411	2.694000
0.850123	-0.019770	2.740000
0.870737	-0.034859	2.786000
0.891056	-0.049273	2.832000
0.911470	-0.055766	2.878000
0.983183	-0.058718	2.924000
1.001567	-0.066696	3.089000
1.022780	-0.074683	3.135000
1.041884	-0.078117	3.181000
1.062268	-0.086519	3.226000
1.081021	-0.094494	3.272000
1.100265	-0.101257	3.318000
1.120765	-0.109843	3.364000
1.140235	-0.113552	3.409000
1.209036	-0.129147	3.455000
1.227769	-0.134588	3.611000
1.248192	-0.144727	3.657000
1.267392	-0.152551	3.703000
1.286834	-0.159516	3.749000
1.306916	-0.160490	3.794000
1.327700	-0.157335	3.840000
1.348173	-0.150087	3.886000
1.367630	-0.143103	3.932000
1.387338	-0.134810	3.978000
1.458968	-0.127471	4.024000
1.478737	-0.108983	4.189000
1.498429	-0.105475	4.235000
1.517827	-0.093014	4.281000
1.537130	-0.091313	4.326000
1.558360	-0.086882	4.372000
1.577716	-0.086428	4.418000
1.598571	-0.080073	4.464000
1.618040	-0.070865	4.510000
1.684903	-0.035550	4.556000
1.703924	-0.034275	4.711000
1.724488	-0.028977	4.757000
1.743266	-0.020384	4.803000
1.764624	-0.010153	4.849000
1.784393	-0.004302	4.894000
1.804447	0.000244	4.940000
1.823731	0.003696	4.986000
1.843614	0.007029	5.032000
1.863317	0.010022	5.078000
1.935853	0.015158	5.124000
1.955639	0.027203	5.289000
1.975018	0.025054	5.335000
1.995684	0.022294	5.381000
2.014904	0.017928	5.426000
2.035719	0.020016	5.472000
2.055618	0.019986	5.518000
2.075133	0.023680	5.564000
2.093768	0.026683	5.610000
2.253799	0.017547	5.655000
2.273575	0.019223	6.024000
2.293959	0.023145	6.070000
2.313636	0.028236	6.115000
2.333363	0.038265	6.161000
2.353853	0.046566	6.207000
2.420785	0.055266	6.253000
2.440703	0.100324	6.409000
2.460103	0.107622	6.455000
2.480248	0.114087	6.501000
2.500334	0.121633	6.547000
2.520605	0.127288	6.593000
2.541132	0.133088	6.639000
2.560310	0.139276	6.685000
2.630197	0.164285	6.730000
2.650441	0.167334	6.892000
2.669569	0.165431	6.937000
2.689433	0.167606	6.983000
2.709121	0.166158	7.029000
2.729541	0.169373	7.075000
2.749388	0.170266	7.120000
2.769600	0.171543	7.166000
2.789256	0.171543	7.212000
2.808750	0.171796	7.258000
2.828744	0.172099	7.304000
2.988327	0.168177	7.349000
3.007730	0.206678	7.717000
3.027471	0.206930	7.763000
3.047420	0.204704	7.808000
3.114935	0.184630	7.855000
3.134107	0.185736	8.010000
3.153811	0.186534	8.056000
3.173268	0.188896	8.102000
3.193743	0.186110	8.148000
3.214016	0.187195	8.194000
3.234945	0.187902	8.239000
3.253864	0.188371	8.285000
3.273714	0.190622	8.331000
3.293536	0.198486	8.377000
3.366366	0.211351	8.423000
3.386147	0.251519	8.589000
3.405585	0.263451	8.635000
3.425545	0.277230	8.681000
3.445050	0.289940	8.727000
3.464785	0.302078	8.773000
3.485170	0.310225	8.818000
3.504215	0.318916	8.864000
3.524560	0.329561	8.910000
3.591826	0.381188	8.955000
3.611140	0.390241	9.111000
3.631177	0.398224	9.157000
3.651555	0.403592	9.203000
3.672092	0.412835	9.249000
3.691502	0.424019	9.295000
3.712036	0.435944	9.340000
3.731149	0.445803	9.386000
3.750996	0.452061	9.432000
3.769944	0.457443	9.478000
3.842625	0.458377	9.523000
3.861922	0.469888	9.689000
3.882186	0.473169	9.735000
3.902725	0.473734	9.781000
3.922013	0.473694	9.827000
3.942379	0.472196	9.873000
3.962369	0.473124	9.919000
3.980920	0.475078	9.964000
4.001419	0.479353	10.010000
4.068677	0.477588	10.056000
4.087400	0.469888	10.211000
4.107835	0.460095	10.257000
4.127676	0.451703	10.303000
4.147545	0.442678	10.349000
4.167388	0.436483	10.395000
4.188018	0.418545	10.440000
4.208013	0.415477	10.486000
4.228227	0.413753	10.532000
4.248348	0.410699	10.578000
4.319673	0.404197	10.624000
4.339537	0.393013	10.790000
4.359614	0.392993	10.835000
4.379687	0.397982	10.881000
4.399528	0.389339	10.927000
4.419802	0.374314	10.973000
4.438907	0.360972	11.019000
4.457951	0.353391	11.064000
4.477930	0.359436	11.110000
4.637726	0.331222	11.156000
4.657655	0.329683	11.524000
4.678019	0.326306	11.570000
4.698421	0.328688	11.615000
4.718035	0.327633	11.661000
4.737997	0.327057	11.707000
4.803921	0.329061	11.753000
4.824400	0.350806	11.908000
4.844420	0.353957	11.954000
4.864843	0.351596	12.000000
4.885579	0.346840	12.046000
4.904733	0.350181	12.092000
4.923982	0.351048	12.138000
4.944006	0.351264	12.183000
5.014481	0.355983	12.229000
5.033807	0.358926	12.392000
5.053680	0.358966	12.438000
5.073915	0.359547	12.483000
5.093595	0.357691	12.529000
5.113486	0.351183	12.575000
5.133499	0.343779	12.620000
5.152540	0.334790	12.666000
5.172493	0.325079	12.712000
5.192461	0.316115	12.758000
5.212193	0.308301	12.804000
5.371936	0.299398	12.849000
5.392176	0.202321	13.217000
5.412668	0.184354	13.263000
5.431887	0.166289	13.309000
5.498681	0.110484	13.355000
5.518283	0.094195	13.510000
5.538559	0.083640	13.556000
5.558636	0.076897	13.602000
5.579157	0.071671	13.648000
5.598406	0.065043	13.694000
5.618948	0.060910	13.740000
5.638341	0.058652	13.786000
5.658462	0.059424	13.831000
5.678004	0.061872	13.877000
5.750713	0.067190	13.923000
5.770027	0.080178	14.090000
5.789532	0.083731	14.135000
5.809587	0.086383	14.181000
5.830016	0.091212	14.227000
5.849659	0.096669	14.273000
5.869786	0.103035	14.319000
5.890018	0.108846	14.365000
5.909870	0.113240	14.411000
5.976340	0.129244	14.456000
5.996461	0.135076	14.613000
6.016818	0.141921	14.659000
6.036893	0.143400	14.705000
6.057055	0.143571	14.750000
6.076162	0.136788	14.796000
6.096008	0.133910	14.842000
6.115866	0.130438	14.888000
6.135674	0.138231	14.934000
6.156016	0.146887	14.979000
6.227174	0.156356	15.025000
6.246304	0.165703	15.190000
6.266535	0.168388	15.236000
6.287422	0.166208	15.281000
6.306970	0.169535	15.327000
6.326520	0.170246	15.373000
6.346573	0.169929	15.419000
6.366081	0.179937	15.465000
6.385905	0.197088	15.510000
6.453719	0.218832	15.556000
6.473399	0.221380	15.713000
6.493801	0.222617	15.759000
6.513322	0.232368	15.804000
6.533496	0.237194	15.850000
6.553379	0.238824	15.896000
6.573255	0.241909	15.942000
6.593348	0.244221	15.988000
6.613540	0.244827	16.034000
6.633924	0.245205	16.079000
6.704229	0.247487	16.125000
6.724432	0.268297	16.290000
6.744685	0.265400	16.335000
6.764048	0.261453	16.381000
6.783422	0.255634	16.427000
6.802821	0.251641	16.473000
6.822457	0.259338	16.519000
6.842648	0.262558	16.564000
6.863001	0.268796	16.610000
7.022463	0.273753	16.656000
7.042782	0.271875	17.024000
7.062617	0.269735	17.070000
7.082002	0.268590	17.116000
7.101264	0.272365	17.161000
7.121165	0.272920	17.207000
7.188585	0.275646	17.253000
7.209202	0.283131	17.408000
7.228987	0.282893	17.454000
7.248379	0.277523	17.500000
7.267836	0.275953	17.546000
7.287542	0.272057	17.591000
7.307363	0.267576	17.637000
7.327294	0.261614	17.683000
7.397800	0.268196	17.728000
7.417860	0.272789	17.892000
7.438000	0.275555	17.938000
7.458096	0.278780	17.984000
7.477987	0.282308	18.030000
7.497743	0.287264	18.075000
7.516974	0.285226	18.121000
7.537175	0.290641	18.167000
7.556866	0.291766	18.213000
7.577178	0.293826	18.258000
7.596682	0.294785	18.304000
7.755953	0.296032	18.350000
7.775286	0.294422	18.717000
7.795213	0.294891	18.763000
7.815221	0.293488	18.809000
7.882594	0.295466	18.855000
7.902942	0.288340	19.011000
7.922976	0.278295	19.057000
7.942978	0.271300	19.102000
7.962090	0.270972	19.148000
7.981482	0.269624	19.194000
8.001334	0.270638	19.240000
8.021085	0.269210	19.285000
8.041407	0.269432	19.331000
8.061756	0.269972	19.377000
8.133373	0.273142	19.423000
8.153507	0.284060	19.590000
8.173468	0.276509	19.636000
8.193154	0.268751	19.681000
8.212750	0.266586	19.727000
8.232911	0.264748	19.773000
8.252480	0.266289	19.819000
8.272417	0.267596	19.865000
8.291778	0.269159	19.910000
8.359673	0.275434	19.956000
8.379436	0.275535	20.112000
8.399719	0.275747	20.158000
8.419420	0.275707	20.204000
8.439266	0.276448	20.249000
8.459033	0.276165	20.295000
8.478515	0.275893	20.341000
8.498758	0.273611	20.387000
8.519484	0.271063	20.432000
8.538683	0.266979	20.478000
8.610287	0.261503	20.523000
8.630714	0.268479	20.690000
8.650518	0.268155	20.736000
8.670016	0.264183	20.781000
8.689635	0.262356	20.827000
8.709273	0.263401	20.872000
8.728921	0.261992	20.918000
8.749068	0.260136	20.964000
8.768537	0.267181	21.010000
8.835556	0.276801	21.056000
8.855958	0.279471	21.212000
8.876449	0.278169	21.258000
8.896044	0.274979	21.304000
8.915102	0.272466	21.349000
8.935746	0.270042	21.395000
8.955939	0.270073	21.441000
8.975522	0.269058	21.486000
8.995060	0.269109	21.532000
9.014403	0.271289	21.577000
9.086590	0.272526	21.624000
9.106279	0.279356	21.790000
9.126155	0.280461	21.836000
9.145369	0.278719	21.881000
9.165273	0.279275	21.927000
9.184908	0.280330	21.973000
9.205030	0.282388	22.019000
9.225695	0.284811	22.065000
9.244896	0.285256	22.111000
9.405090	0.296077	22.156000
9.424661	0.304379	22.524000
9.444470	0.310623	22.570000
9.464095	0.314605	22.616000
9.483720	0.314060	22.662000
9.503983	0.310073	22.708000
9.572218	0.309528	22.754000
9.591154	0.315569	22.910000
9.610804	0.317261	22.955000
9.630474	0.319960	23.001000
9.650786	0.322727	23.047000
9.670616	0.324553	23.093000
9.690944	0.322828	23.139000
9.710921	0.320879	23.184000
9.780206	0.316695	23.230000
9.800710	0.310532	23.392000
9.820241	0.304622	23.438000
9.840076	0.299176	23.484000
9.859641	0.294891	23.529000
9.879621	0.291312	23.575000
9.899473	0.288960	23.621000
9.919809	0.287527	23.667000
9.940467	0.286392	23.713000
9.959475	0.288542	23.759000
9.978664	0.288289	23.804000
10.137747	0.286952	23.850000
10.157839	0.249763	24.219000
10.177548	0.244564	24.265000
10.196752	0.237870	24.310000
10.265128	0.216868	24.356000
10.285562	0.215142	24.512000
10.305342	0.213340	24.558000
10.325080	0.209373	24.603000
10.344516	0.204366	24.649000
10.364285	0.196926	24.695000
10.384318	0.189961	24.741000
10.404535	0.184550	24.787000
10.424411	0.177898	24.832000
10.443868	0.176692	24.878000
10.515972	0.172492	24.924000
10.535405	0.151429	25.090000
10.555820	0.145903	25.136000
10.575487	0.140073	25.182000
10.595121	0.140451	25.227000
10.614840	0.149067	25.273000
10.634766	0.149168	25.319000
10.653968	0.145060	25.365000
10.674428	0.136232	25.410000
10.742125	0.131932	25.456000
10.761786	0.128371	25.612000
10.780786	0.123533	25.658000
10.801230	0.126421	25.704000
10.820454	0.132785	25.750000
10.841465	0.140745	25.795000
10.861538	0.147609	25.841000
10.881127	0.151379	25.887000
10.900299	0.148966	25.933000
10.920450	0.150971	25.978000
10.993065	0.154176	26.024000
11.012160	0.159793	26.190000
11.031878	0.152474	26.236000
11.051719	0.151632	26.282000
11.071302	0.152767	26.328000
11.090984	0.156488	26.373000
11.111076	0.158354	26.419000
11.130873	0.155190	26.465000
11.150822	0.147578	26.511000
11.217712	0.146317	26.557000
11.237392	0.146256	26.712000
11.257167	0.144353	26.758000
11.277215	0.141618	26.804000
11.297399	0.139790	26.849000
11.318102	0.140421	26.895000
11.337295	0.140532	26.941000
11.356785	0.142214	26.987000
11.376200	0.141199	27.032000
11.396356	0.140613	27.078000
11.468331	0.142527	27.124000
11.487766	0.155382	27.290000
11.508114	0.155261	27.336000
11.527613	0.156982	27.382000
11.547834	0.156285	27.427000
11.568231	0.155952	27.473000
11.587873	0.158415	27.519000
11.607106	0.164709	27.565000
11.626672	0.170569	27.610000
11.786332	0.215833	27.656000
11.806368	0.222515	28.025000
11.826028	0.224409	28.070000
11.845868	0.225353	28.116000
11.866004	0.231405	28.162000
11.886192	0.234140	28.208000
11.952982	0.240964	28.254000
11.973218	0.257642	28.410000
11.993252	0.251843	28.456000
12.013104	0.249399	28.502000
12.033409	0.250343	28.548000
12.053642	0.253558	28.593000
12.072807	0.256385	28.639000
12.092523	0.258110	28.685000
12.163137	0.244827	28.730000
12.182748	0.245245	28.892000
12.202085	0.246154	28.938000
12.222326	0.248652	28.984000
12.242033	0.241444	29.030000
12.262428	0.233362	29.075000
12.282541	0.226246	29.121000
12.301878	0.220214	29.167000
12.321646	0.216035	29.212000
12.341277	0.212689	29.259000
12.360627	0.211432	29.304000
12.520225	0.220810	29.350000
12.539935	0.216046	29.718000
12.560446	0.210998	29.764000
12.580632	0.211079	29.810000
12.647682	0.213583	29.856000
12.667019	0.205633	30.011000
12.687119	0.194200	30.057000
12.706852	0.189779	30.103000
12.726963	0.185837	30.149000
12.747142	0.182935	30.194000
12.766875	0.182945	30.240000
12.786977	0.184500	30.286000
12.806268	0.186771	30.332000
12.825822	0.181305	30.378000
12.898763	0.175071	30.424000
12.918310	0.163857	30.590000
12.937945	0.162681	30.636000
12.957666	0.166461	30.681000
12.978084	0.168939	30.727000
12.997673	0.170812	30.773000
13.017495	0.168763	30.819000
13.037645	0.165083	30.864000
13.057450	0.164528	30.910000
13.124225	0.162175	30.956000
13.144060	0.160177	31.112000
13.163917	0.158254	31.158000
13.184513	0.157764	31.204000
13.205395	0.156689	31.250000
13.224978	0.156527	31.295000
13.244031	0.160076	31.341000
13.263745	0.159914	31.387000
13.283493	0.159631	31.433000
13.303075	0.154988	31.478000
13.374407	0.157664	31.524000
13.394352	0.158486	31.690000
13.414879	0.161171	31.736000
13.434458	0.161514	31.782000
13.454893	0.161171	31.827000
13.474941	0.161292	31.873000
13.494500	0.162761	31.919000
13.514214	0.162306	31.965000
13.533850	0.159924	32.011000
13.600917	0.149229	32.057000
13.621145	0.149562	32.212000
13.641263	0.147669	32.258000
13.661389	0.145973	32.304000
13.681122	0.149219	32.350000
13.700561	0.148174	32.395000
13.720090	0.147059	32.441000
13.740093	0.144838	32.487000
13.760193	0.144636	32.533000
13.780348	0.147473	32.579000
13.851500	0.153232	32.624000
13.871298	0.170872	32.790000
13.891464	0.178120	32.836000
13.912137	0.179135	32.882000
13.931025	0.178110	32.928000
13.950738	0.174673	32.973000
13.970646	0.171482	33.019000
13.990532	0.171997	33.065000
14.010493	0.177096	33.111000
14.169933	0.197017	33.156000
14.189918	0.195154	33.525000
14.210413	0.200232	33.571000
14.230409	0.205552	33.617000
14.249980	0.208495	33.662000
14.269699	0.207065	33.708000
14.335863	0.202604	33.753000
14.355869	0.194049	33.909000
14.376315	0.197421	33.955000
14.396232	0.197547	34.001000
14.416583	0.195406	34.046000
14.435761	0.189148	34.092000
14.455545	0.183208	34.138000
14.475116	0.180098	34.184000
14.545730	0.180442	34.229000
14.565577	0.179538	34.393000
14.585296	0.175607	34.438000
14.605719	0.173153	34.484000
14.626235	0.167667	34.530000
14.645805	0.165315	34.576000
14.664835	0.166107	34.622000
14.684968	0.165224	34.667000
14.705097	0.163230	34.713000
14.724774	0.161716	34.759000
14.744423	0.160561	34.805000
14.904082	0.159365	34.851000
14.924081	0.135127	35.219000
14.944207	0.134203	35.265000
14.964240	0.136455	35.311000
15.030525	0.132411	35.357000
15.050405	0.129384	35.513000
15.070406	0.126269	35.558000
15.090563	0.125952	35.604000
15.110476	0.120943	35.650000
15.130335	0.123991	35.696000
15.150097	0.124909	35.741000
15.169492	0.125610	35.787000
15.189564	0.124838	35.833000
15.209363	0.115902	35.879000
15.280763	0.108755	35.925000
15.300738	0.099411	36.090000
15.320513	0.100454	36.136000
15.340245	0.099199	36.182000
15.360389	0.101417	36.228000
15.380517	0.101619	36.274000
15.400634	0.102294	36.319000
15.419692	0.098902	36.365000
15.439510	0.094876	36.411000
15.506943	0.096942	36.457000
15.527244	0.091442	36.613000
15.548013	0.086444	36.659000
15.567674	0.085199	36.704000
15.586595	0.086050	36.750000
15.606676	0.085300	36.796000
15.626378	0.088742	36.842000
15.645972	0.095950	36.888000
15.666307	0.104008	36.933000
15.686379	0.110032	36.979000
15.757096	0.112148	37.025000
15.776914	0.110193	37.190000
15.797582	0.109380	37.236000
15.817321	0.108216	37.282000
15.837154	0.109340	37.328000
15.856871	0.109612	37.374000
15.876441	0.110363	37.419000
15.896473	0.111749	37.465000
15.916043	0.110933	37.511000
15.984429	0.104981	37.557000
16.004409	0.103498	37.713000
16.024096	0.101069	37.758000
16.043294	0.098943	37.804000
16.063072	0.094775	37.850000
16.083378	0.089846	37.896000
16.103423	0.088853	37.942000
16.123642	0.085470	37.988000
16.144053	0.086091	38.034000
16.163379	0.085391	38.079000
16.234645	0.086575	38.125000
16.254991	0.103736	38.290000
16.274735	0.106307	38.336000
16.293619	0.111327	38.382000
16.313231	0.104531	38.428000
16.332690	0.111357	38.473000
16.352680	0.111357	38.519000
16.373143	0.112943	38.564000
16.393130	0.119163	38.610000
16.552656	0.138928	38.656000
16.572464	0.143510	39.024000
16.591570	0.151561	39.069000
16.611570	0.155705	39.115000
16.630819	0.160328	39.160000
16.650420	0.158108	39.206000
16.719139	0.162923	39.252000
16.738983	0.172250	39.408000
16.757767	0.169605	39.454000
16.777481	0.164770	39.499000
16.797183	0.163826	39.545000
16.817082	0.162418	39.590000
16.837372	0.165905	39.636000
16.858133	0.169302	39.682000
16.929112	0.166950	39.728000
16.949397	0.167283	39.892000
16.969433	0.167384	39.938000
16.988940	0.168378	39.984000
17.008237	0.170822	40.030000
17.027731	0.178811	40.076000
17.047768	0.185055	40.121000
17.067390	0.191788	40.167000
17.087589	0.196391	40.213000
17.106773	0.197421	40.259000
17.126875	0.195416	40.304000
17.286731	0.195019	40.350000
17.305836	0.248153	40.718000
17.325590	0.251055	40.764000
17.345156	0.255250	40.810000
17.412874	0.275666	40.856000
17.433487	0.280501	41.012000
17.452984	0.285886	41.057000
17.472757	0.287052	41.103000
17.492550	0.290388	41.149000
17.512356	0.294220	41.195000
17.532052	0.298954	41.241000
17.552079	0.305525	41.287000
17.571987	0.314292	41.332000
17.592354	0.323202	41.378000
17.663739	0.327269	41.424000
17.683662	0.333856	41.591000
17.703902	0.335541	41.636000
17.723943	0.335622	41.682000
17.743718	0.336279	41.728000
17.763355	0.335148	41.774000
17.782846	0.333372	41.820000
17.802860	0.331681	41.865000
17.823111	0.332856	41.911000
17.891359	0.324856	41.957000
17.911411	0.323691	42.113000
17.930180	0.315924	42.159000
17.950117	0.308321	42.204000
17.969869	0.298001	42.250000
17.989548	0.286760	42.296000
18.009664	0.277867	42.342000
18.030019	0.272239	42.388000
18.049787	0.260227	42.434000
18.069717	0.252513	42.479000
18.141610	0.247920	42.525000
18.161610	0.226721	42.691000
18.181356	0.215773	42.737000
18.201070	0.208177	42.782000
18.220496	0.200464	42.828000
18.240586	0.191879	42.874000
18.260325	0.185055	42.920000
18.280089	0.181810	42.966000
18.299829	0.178589	43.012000
18.368154	0.155836	43.058000
18.387544	0.151793	43.214000
18.407058	0.149704	43.260000
18.427054	0.148113	43.306000
18.447290	0.150294	43.351000
18.467258	0.156659	43.397000
18.487429	0.165754	43.443000
18.507256	0.174087	43.489000
18.526295	0.183737	43.535000
18.546674	0.191676	43.580000
18.618228	0.196956	43.626000
18.637114	0.217423	43.791000
18.657264	0.225281	43.836000
18.677079	0.233888	43.882000
18.696751	0.242984	43.928000
18.716663	0.250918	43.974000
18.737147	0.256192	44.020000
18.757041	0.259327	44.066000
18.776922	0.261109	44.112000
18.936665	0.283787	44.157000
18.956336	0.288087	44.525000
18.975332	0.291968	44.571000
18.995009	0.297167	44.617000
19.014808	0.304460	44.663000
19.035063	0.309367	44.709000
19.103215	0.317992	44.755000
19.122326	0.334325	44.910000
19.142457	0.334861	44.956000
19.162374	0.336627	45.002000
19.182026	0.340114	45.048000
19.202215	0.348497	45.094000
19.222084	0.357238	45.140000
19.241825	0.364838	45.185000
19.312789	0.387484	45.231000
19.332271	0.392282	45.393000
19.351493	0.397236	45.439000
19.370928	0.401424	45.485000
19.391243	0.405466	45.531000
19.411099	0.409967	45.576000
19.431134	0.413430	45.623000
19.450871	0.416000	45.669000
19.471084	0.417084	45.714000
19.491136	0.419932	45.760000
19.510264	0.421993	45.806000
19.670099	0.423808	45.852000
19.689709	0.443721	46.220000
19.709419	0.445208	46.265000
19.729622	0.448920	46.311000
19.797665	0.464480	46.357000
19.817481	0.468512	46.513000
19.837160	0.466889	46.559000
19.856709	0.465332	46.605000
19.876834	0.466092	46.650000
19.896943	0.466628	46.696000
19.916315	0.467691	46.742000
19.936090	0.469399	46.788000
19.956313	0.471244	46.834000
19.975775	0.472700	46.880000
20.047374	0.479827	46.925000
20.068131	0.483159	47.091000
20.088104	0.477409	47.136000
20.107501	0.474383	47.182000
20.127666	0.472146	47.228000
20.147460	0.472519	47.274000
20.166356	0.473179	47.319000
20.186446	0.474404	47.365000
20.206565	0.481061	47.411000
20.273949	0.486490	47.457000
20.293819	0.481540	47.613000
20.314026	0.477318	47.659000
20.333652	0.477427	47.705000
20.353832	0.482306	47.751000
20.374166	0.486530	47.796000
20.393319	0.485910	47.842000
20.412449	0.486167	47.888000
20.432409	0.484675	47.933000
20.452059	0.485779	47.979000
20.524343	0.493344	48.025000
20.544207	0.542853	48.191000
20.563721	0.551986	48.237000
20.583616	0.559022	48.282000
20.603443	0.563113	48.328000
20.623664	0.572020	48.374000
20.643739	0.584653	48.420000
20.663696	0.596055	48.466000
20.683197	0.608365	48.511000
20.750106	0.633708	48.557000
20.770105	0.645892	48.713000
20.789886	0.651071	48.759000
20.810114	0.660625	48.805000
20.830522	0.666096	48.850000
20.850391	0.671502	48.896000
20.870195	0.672442	48.942000
20.889774	0.672871	48.988000
20.909419	0.680574	49.034000
20.929150	0.684011	49.080000
21.001087	0.682249	49.126000
21.020846	0.665864	49.291000
21.040059	0.665082	49.337000
21.061102	0.667141	49.383000
21.080843	0.669887	49.429000
21.100347	0.669917	49.474000
21.120349	0.665264	49.520000
21.139458	0.658167	49.566000
21.159366	0.650081	49.611000
21.318886	0.618177	49.657000
21.338665	0.617516	50.026000
21.358698	0.614109	50.071000
21.378907	0.614810	50.117000
21.398842	0.618823	50.163000
21.418527	0.616482	50.209000
21.485139	0.610929	50.255000
21.505231	0.597801	50.411000
21.525688	0.598397	50.456000
21.545734	0.602384	50.502000
21.565732	0.608344	50.548000
21.586124	0.613271	50.594000
21.605312	0.619929	50.640000
21.625114	0.627636	50.685000
21.695175	0.682208	50.731000
21.715041	0.699632	50.893000
21.734830	0.712174	50.939000
21.754805	0.716278	50.985000
21.774837	0.717964	51.031000
21.794282	0.719655	51.076000
21.814154	0.721774	51.122000
21.834146	0.728457	51.168000
21.853470	0.737588	51.213000
21.873316	0.742862	51.259000
21.893268	0.745870	51.305000
22.052320	0.746744	51.351000
22.073611	0.770415	51.720000
22.093288	0.774237	51.766000
22.114037	0.777953	51.812000
22.180607	0.771874	51.857000
22.199871	0.767801	52.013000
22.219608	0.767049	52.059000
22.239906	0.764525	52.105000
22.259863	0.761991	52.151000
22.279539	0.763869	52.196000
22.300261	0.762536	52.242000
22.319489	0.762385	52.288000
22.338993	0.759932	52.334000
22.358893	0.760866	52.379000
22.430943	0.760987	52.425000
22.450015	0.765348	52.591000
22.470444	0.763839	52.637000
22.489626	0.764829	52.683000
22.509810	0.760023	52.729000
22.530194	0.754966	52.774000
22.550427	0.749550	52.820000
22.569812	0.743866	52.866000
22.589806	0.739213	52.912000
22.656595	0.687863	52.957000
22.676476	0.677535	53.113000
22.696656	0.672730	53.159000
22.716783	0.664426	53.205000
22.736424	0.653741	53.251000
22.756218	0.641657	53.297000
22.776036	0.633344	53.342000
22.795383	0.627474	53.388000
22.815212	0.625264	53.434000
22.835252	0.621645	53.479000
22.907000	0.613847	53.525000
22.926976	0.581671	53.691000
22.946536	0.581176	53.737000
22.966914	0.584623	53.783000
22.986442	0.583210	53.829000
23.006672	0.584664	53.875000
23.026830	0.579500	53.920000
23.045977	0.575760	53.966000
23.065731	0.571656	54.012000
23.133248	0.558901	54.058000
23.153613	0.552429	54.213000
23.173175	0.549959	54.259000
23.193050	0.542158	54.305000
23.212051	0.530726	54.350000
23.231663	0.524543	54.396000
23.251655	0.518732	54.442000
23.271540	0.516181	54.488000
23.292197	0.510692	54.533000
23.312122	0.497322	54.579000
23.383208	0.479867	54.624000
23.403371	0.457292	54.791000
23.423367	0.456738	54.837000
23.443425	0.452939	54.883000
23.463344	0.450796	54.929000
23.483006	0.447385	54.975000
23.502708	0.442284	55.020000
23.523079	0.436004	55.067000
23.542847	0.431604	55.112000
23.702484	0.451139	55.158000
23.722355	0.449223	55.527000
23.742144	0.448539	55.573000
23.762402	0.457615	55.619000
23.781898	0.454031	55.664000
23.801236	0.455645	55.710000
23.869351	0.457736	55.756000
23.889547	0.443110	55.912000
23.909480	0.434739	55.958000
23.929657	0.427572	56.004000
23.949498	0.429049	56.049000
23.968572	0.429211	56.095000
23.988239	0.431806	56.141000
24.008238	0.430490	56.186000
24.077673	0.430304	56.232000
24.097512	0.426096	56.394000
24.117698	0.418450	56.439000
24.137683	0.412956	56.485000
24.157416	0.412673	56.531000
24.177103	0.418686	56.576000
24.196784	0.426066	56.622000
24.216611	0.432069	56.668000
24.236669	0.433888	56.714000
24.256117	0.433746	56.759000
24.275987	0.431877	56.805000
24.436137	0.431175	56.850000
24.455901	0.454823	57.219000
24.475580	0.459026	57.265000
24.494919	0.466908	57.310000
24.562693	0.489060	57.356000
24.582424	0.501317	57.512000
24.602568	0.497139	57.558000
24.622768	0.499306	57.604000
24.642789	0.503293	57.650000
24.661652	0.507597	57.695000
24.681560	0.520655	57.741000
24.701562	0.526587	57.787000
24.721531	0.534531	57.832000
24.741485	0.539636	57.879000
24.813172	0.543915	57.924000
24.833239	0.558991	58.091000
24.853055	0.564050	58.137000
24.873368	0.570904	58.183000
24.893497	0.576633	58.229000
24.913558	0.584022	58.275000
24.933456	0.592304	58.320000
24.952486	0.602016	58.366000
24.971847	0.610369	58.412000
25.039813	0.619606	58.458000
25.060495	0.614609	58.614000
25.080145	0.615326	58.660000
25.099465	0.615397	58.705000
25.119461	0.613585	58.751000
25.139006	0.611767	58.797000
25.158635	0.609592	58.843000
25.178829	0.607220	58.889000
25.198568	0.607189	58.934000
25.218935	0.605362	58.980000
25.290307	0.601062	59.026000
25.310307	0.591129	59.191000
25.330858	0.589110	59.237000
25.350885	0.583982	59.283000
25.370397	0.590766	59.329000
25.389790	0.590584	59.375000
25.409118	0.593643	59.420000
25.428436	0.589821	59.466000
25.448628	0.589019	59.512000
25.517608	0.602939	59.558000
25.537065	0.612681	59.714000
25.556711	0.619494	59.760000
25.576003	0.624330	59.805000
25.595553	0.626884	59.851000
25.615471	0.631699	59.897000
25.636506	0.633425	59.942000
25.655899	0.636993	59.988000
25.675563	0.643055	60.034000
25.695215	0.649279	60.080000
25.767196	0.655815	60.125000
25.786940	0.681749	60.291000
25.807106	0.689018	60.337000
25.826128	0.696614	60.383000
25.846460	0.698693	60.429000
25.865799	0.705391	60.474000
25.886028	0.705512	60.520000
25.905901	0.703292	60.566000
25.925990	0.701278	60.611000
26.085794	0.725010	60.658000
26.105721	0.719271	61.026000
26.125297	0.715581	61.072000
26.144870	0.714294	61.118000
26.164125	0.716868	61.164000
26.183893	0.719594	61.209000
26.252258	0.719908	61.255000
26.271803	0.725323	61.410000
26.292016	0.729684	61.456000
26.311419	0.734974	61.502000
26.331475	0.741237	61.548000
26.351492	0.745052	61.594000
26.371296	0.742852	61.640000
26.391484	0.739626	61.685000
26.461548	0.751114	61.731000
26.481527	0.750871	61.894000
26.501477	0.752179	61.940000
26.521258	0.750534	61.985000
26.540618	0.750972	62.031000
26.560528	0.747334	62.077000
26.580428	0.747546	62.123000
26.599883	0.747980	62.169000
26.619936	0.746229	62.215000
26.640668	0.745769	62.260000
26.659614	0.744951	62.306000
26.819697	0.746067	62.352000
26.839539	0.722970	62.720000
26.859145	0.716777	62.766000
26.878779	0.710317	62.812000
26.946666	0.676237	62.858000
26.966424	0.671704	63.013000
26.986332	0.670578	63.059000
27.006316	0.668014	63.105000
27.026201	0.662679	63.151000
27.045736	0.655951	63.197000
27.064949	0.645538	63.242000
27.084695	0.634894	63.288000
27.105241	0.631335	63.334000
27.125156	0.630149	63.380000
27.196380	0.627005	63.426000
27.216737	0.624006	63.592000
27.237139	0.625859	63.637000
27.257058	0.625940	63.683000
27.276933	0.617132	63.729000
27.295973	0.604509	63.775000
27.315481	0.593389	63.821000
27.335380	0.587701	63.866000
27.355295	0.585097	63.912000
27.423678	0.590674	63.958000
27.442610	0.591688	64.114000
27.462635	0.589943	64.160000
27.481984	0.591779	64.205000
27.502207	0.597831	64.251000
27.522124	0.599442	64.297000
27.542130	0.596226	64.343000
27.562132	0.592476	64.389000
27.581836	0.594485	64.434000
27.601519	0.601092	64.480000
27.673446	0.605685	64.526000
27.693649	0.620751	64.692000
27.713213	0.625051	64.737000
27.732470	0.627525	64.783000
27.752582	0.630664	64.829000
27.772050	0.632734	64.875000
27.792015	0.632855	64.921000
27.812065	0.633118	64.966000
27.832626	0.636585	65.012000
27.899069	0.662609	65.058000
27.919386	0.667000	65.214000
27.938927	0.667424	65.260000
27.958832	0.664567	65.305000
27.979205	0.663492	65.351000
27.999526	0.666555	65.397000
28.018979	0.669927	65.443000
28.038587	0.671532	65.489000
28.058416	0.672078	65.534000
28.078243	0.670548	65.580000
28.150660	0.678872	65.626000
28.170567	0.698386	65.792000
28.189839	0.702146	65.838000
28.209959	0.705633	65.884000
28.229868	0.706547	65.929000
28.249667	0.710176	65.975000
28.270076	0.715430	66.021000
28.290107	0.723662	66.067000
28.309551	0.729175	66.112000
28.469152	0.749237	66.158000
28.487986	0.754224	66.526000
28.507383	0.757833	66.572000
28.527554	0.756050	66.618000
28.547994	0.756313	66.664000
28.567988	0.757298	66.710000
28.636171	0.760350	66.756000
28.655691	0.778945	66.911000
28.675367	0.787187	66.957000
28.695369	0.785625	67.003000
28.714621	0.796360	67.049000
28.734585	0.795145	67.095000
28.755198	0.795861	67.141000
28.774890	0.800966	67.187000
28.844973	0.809000	67.233000
28.864992	0.809408	67.394000
28.884362	0.811494	67.440000
28.903974	0.815038	67.485000
28.924174	0.816778	67.532000
28.943045	0.820834	67.577000
28.963485	0.825208	67.623000
28.983400	0.832034	67.669000
29.002935	0.833813	67.714000
29.023060	0.834150	67.760000
29.042544	0.837234	67.806000
29.201877	0.837295	67.851000
29.221996	0.852591	68.219000
29.241941	0.852894	68.266000
29.262035	0.848106	68.311000
29.330124	0.844492	68.357000
29.349317	0.843655	68.513000
29.369173	0.843480	68.559000
29.389133	0.842295	68.605000
29.408672	0.843979	68.650000
29.428501	0.850586	68.696000
29.449233	0.854220	68.742000
29.468856	0.852601	68.788000
29.488532	0.854648	68.834000
29.508363	0.851467	68.880000
29.580716	0.847003	68.925000
29.600624	0.863342	69.092000
29.620774	0.863594	69.138000
29.640386	0.858050	69.184000
29.659759	0.851085	69.230000
29.679619	0.847178	69.275000
29.699154	0.844310	69.321000
29.719258	0.844860	69.367000
29.739658	0.848969	69.413000
29.806696	0.874672	69.459000
29.826681	0.875188	69.615000
29.846631	0.873882	69.661000
29.866673	0.871079	69.707000
29.886408	0.876140	69.753000
29.906439	0.881637	69.799000
29.926904	0.884782	69.844000
29.946456	0.888254	69.890000
29.965997	0.889410	69.936000
29.985601	0.887080	69.982000
30.056927	0.888456	70.028000
30.076466	0.892781	70.192000
30.096793	0.897529	70.238000
30.116451	0.900880	70.284000
30.135690	0.898410	70.329000
30.156453	0.894046	70.375000
30.176019	0.889853	70.421000
30.195600	0.887292	70.467000
30.215719	0.886370	70.512000
30.282615	0.875736	70.558000
30.302573	0.871119	70.714000
30.322815	0.869688	70.760000
30.343349	0.866674	70.806000
30.362018	0.865842	70.851000
30.382517	0.866946	70.897000
30.401632	0.863881	70.943000
30.421365	0.862582	70.989000
30.441543	0.858746	71.034000
30.461657	0.855364	71.080000
30.532395	0.854099	71.126000
30.552481	0.858968	71.292000
30.572285	0.855021	71.338000
30.592769	0.854230	71.383000
30.613057	0.855061	71.429000
30.633196	0.861165	71.475000
30.652600	0.863111	71.521000
30.672412	0.861906	71.567000
30.692059	0.857969	71.613000
30.851590	0.894026	71.659000
30.871709	0.896243	72.028000
30.891354	0.901244	72.073000
30.911873	0.910608	72.119000
30.932153	0.916621	72.165000
30.951485	0.924912	72.211000
31.018627	0.925823	72.257000
31.038629	0.925031	72.413000
31.058490	0.929589	72.459000
31.078519	0.934114	72.504000
31.098702	0.937455	72.550000
31.118331	0.940701	72.596000
31.138216	0.941312	72.641000
31.157866	0.935802	72.687000
31.226910	0.936125	72.733000
31.246835	0.936746	72.894000
31.266772	0.935066	72.940000
31.286996	0.929316	72.986000
31.306870	0.922189	73.032000
31.327467	0.915939	73.078000
31.346968	0.913277	73.124000
31.366601	0.914121	73.169000
31.385815	0.911701	73.215000
31.405794	0.905638	73.261000
31.425254	0.897256	73.307000
31.585068	0.891046	73.352000
31.605472	0.868120	73.721000
31.625727	0.869286	73.766000
31.645362	0.868831	73.813000
31.712224	0.860298	73.858000
31.732068	0.862440	74.014000
31.751776	0.862480	74.060000
31.771594	0.863263	74.106000
31.791913	0.861715	74.151000
31.811890	0.862662	74.197000
31.831805	0.863962	74.243000
31.851411	0.866230	74.289000
31.871104	0.869884	74.335000
31.891296	0.872587	74.381000
31.963738	0.875766	74.426000
31.983192	0.885775	74.592000
32.002476	0.891596	74.638000
32.022274	0.898399	74.683000
32.042503	0.904766	74.729000
32.063071	0.908258	74.775000
32.082839	0.908813	74.821000
32.102426	0.905677	74.866000
32.122069	0.898974	74.913000
32.188973	0.897155	74.959000
32.209253	0.901544	75.114000
32.229328	0.904514	75.160000
32.248994	0.908118	75.206000
32.269539	0.911610	75.252000
32.288921	0.919169	75.297000
32.308848	0.925924	75.343000
32.328422	0.930379	75.389000
32.347964	0.931584	75.434000
32.367661	0.927753	75.480000
32.439928	0.923106	75.526000
32.459832	0.925364	75.692000
32.479006	0.925934	75.738000
32.499382	0.926569	75.783000
32.519325	0.921237	75.829000
32.539048	0.918676	75.875000
32.558741	0.916901	75.921000
32.578192	0.919119	75.967000
32.597830	0.921780	76.012000
32.665887	0.922712	76.058000
32.686175	0.922199	76.214000
32.705595	0.923727	76.260000
32.725529	0.925631	76.306000
32.744980	0.930550	76.351000
32.764673	0.934103	76.397000
32.784258	0.939306	76.443000
32.804696	0.944224	76.489000
32.825268	0.946970	76.535000
32.845499	0.948246	76.580000
32.854627	0.953064	76.626000
32.922891	0.955085	76.672000
32.942453	0.964288	76.805000
32.962276	0.967661	76.851000
32.981915	0.971496	76.897000
33.001300	0.971184	76.943000
33.021400	0.970412	76.988000
33.041439	0.972710	77.034000
33.061300	0.974828	77.080000
33.226399	0.981662	77.125000
33.246318	0.974806	77.507000
33.265861	0.969454	77.552000
33.285830	0.969187	77.598000
33.305627	0.968411	77.644000
33.325085	0.968542	77.690000
33.393948	0.967125	77.735000
33.413422	0.957620	77.892000
33.432696	0.953800	77.938000
33.452653	0.952011	77.983000
33.472442	0.955806	78.029000
33.492258	0.955655	78.075000
33.512335	0.959319	78.121000
33.532285	0.960191	78.166000
33.552089	0.958285	78.212000
33.619119	0.937687	78.258000
33.638516	0.935011	78.413000
33.658220	0.935722	78.459000
33.678370	0.934799	78.505000
33.698720	0.935933	78.551000
33.718201	0.938099	78.597000
33.737936	0.940842	78.643000
33.757775	0.942142	78.688000
33.777299	0.943437	78.734000
33.797452	0.944224	78.780000
33.962558	0.946900	78.826000
33.982220	0.953618	79.204000
34.001091	0.956789	79.250000
34.021118	0.959672	79.296000
34.088613	0.975608	79.342000
34.108429	0.975598	79.498000
34.128578	0.975477	79.543000
34.149043	0.976985	79.589000
34.167991	0.977337	79.635000
34.188121	0.976581	79.681000
34.207476	0.978879	79.727000
34.226965	0.980710	79.773000
34.246715	0.988687	79.819000
34.267837	0.993888	79.864000
34.288287	0.994131	79.910000
34.354899	0.990743	79.956000
34.374353	0.984625	80.112000
34.394453	0.992038	80.157000
34.414138	0.999079	80.204000
34.434411	1.004410	80.249000
34.454856	1.004177	80.295000
34.473838	1.005131	80.341000
34.493692	1.006489	80.387000
34.564419	1.026380	80.432000
34.583431	1.028712	80.595000
34.603435	1.028762	80.640000
34.623178	1.028803	80.686000
34.642874	1.028314	80.732000
34.663182	1.030928	80.778000
34.682863	1.034032	80.824000
34.703539	1.032624	80.869000
34.722798	1.037742	80.915000
34.742279	1.032977	80.961000
34.761930	1.041361	81.006000
34.829206	1.041532	81.052000
34.850358	1.052298	81.207000
34.869840	1.050819	81.253000
34.889851	1.050304	81.299000
34.909483	1.049684	81.345000
34.928511	1.048609	81.391000
34.947620	1.051935	81.436000
34.968269	1.052858	81.482000
35.040559	1.053853	81.528000
35.060390	1.052505	81.695000
35.080255	1.055160	81.740000
35.099825	1.052445	81.786000
35.120674	1.060177	81.832000
35.140824	1.058557	81.878000
35.160129	1.064366	81.924000
35.179176	1.067586	81.970000
35.198980	1.074269	82.015000
35.218961	1.084303	82.061000
35.238869	1.093075	82.107000
35.307351	1.096866	82.153000
35.327351	1.103893	82.309000
35.346410	1.104135	82.355000
35.366118	1.106043	82.401000
35.386076	1.107350	82.446000
35.405719	1.110460	82.492000
35.425327	1.113877	82.538000
35.446068	1.116492	82.584000
35.608881	1.134061	82.630000
35.628635	1.133839	83.007000
35.648485	1.137701	83.053000
35.668708	1.136746	83.098000
35.689073	1.136312	83.144000
35.709473	1.135136	83.190000
35.776599	1.132289	83.236000
35.796046	1.139972	83.392000
35.816154	1.140905	83.438000
35.836000	1.136953	83.484000
35.856419	1.136923	83.530000
35.876100	1.136933	83.575000
35.896219	1.139386	83.621000
35.915677	1.144130	83.667000
35.935001	1.147800	83.713000
36.001890	1.148663	83.759000
36.022082	1.147840	83.915000
36.042650	1.157117	83.960000
36.063038	1.168115	84.006000
36.082781	1.179396	84.052000
36.101878	1.186932	84.098000
36.121836	1.194533	84.143000
36.141509	1.201104	84.189000
36.160737	1.205501	84.235000
36.180999	1.213002	84.281000
36.344779	1.222351	84.327000
36.364760	1.293131	84.705000
36.384234	1.300842	84.751000
36.404126	1.307293	84.796000
36.471718	1.327286	84.842000
36.492240	1.327053	84.998000
36.511864	1.342541	85.044000
36.531495	1.351794	85.090000
36.551372	1.356694	85.135000
36.571141	1.363911	85.181000
36.591345	1.370558	85.227000
36.611848	1.373518	85.273000
36.631768	1.381435	85.319000
36.651391	1.388193	85.365000
36.671149	1.393163	85.411000
36.737984	1.398118	85.457000
36.757884	1.424256	85.612000
36.778234	1.431418	85.658000
36.798476	1.437713	85.704000
36.817761	1.456176	85.750000
36.837761	1.466150	85.796000
36.857373	1.480918	85.841000
36.877396	1.489771	85.887000
36.947293	1.514588	85.933000
36.967220	1.523609	86.095000
36.986863	1.534264	86.141000
37.006905	1.545974	86.186000
37.027278	1.555544	86.232000
37.047016	1.566098	86.278000
37.066478	1.577999	86.324000
37.086521	1.589315	86.370000
37.105856	1.599970	86.416000
37.125929	1.612487	86.462000
37.146083	1.621966	86.507000
37.213359	1.636574	86.553000
37.233198	1.669688	86.709000
37.253183	1.671685	86.755000
37.273079	1.681261	86.801000
37.292276	1.683810	86.847000
37.312153	1.685096	86.893000
37.332149	1.694270	86.938000
37.352883	1.704849	86.984000
37.423456	1.724994	87.030000
37.443448	1.732837	87.195000
37.463414	1.732756	87.240000
37.484117	1.741506	87.287000
37.503460	1.745672	87.332000
37.522603	1.751978	87.378000
37.542507	1.754084	87.424000
37.562253	1.754967	87.469000
37.582134	1.755309	87.515000
37.602461	1.755899	87.561000
37.622177	1.758953	87.607000
37.689011	1.758176	87.652000
37.708377	1.762033	87.808000
37.728500	1.761140	87.854000
37.747767	1.763328	87.899000
37.768212	1.771992	87.945000
37.788308	1.782692	87.991000
37.808332	1.796844	88.037000
37.828243	1.808728	88.083000
37.991613	1.908372	88.129000
38.011755	1.920284	88.507000
38.031805	1.931640	88.553000
38.052592	1.941321	88.599000
38.071893	1.951915	88.645000
38.091759	1.964427	88.691000
38.159074	1.975902	88.736000
38.178659	2.015084	88.892000
38.199408	2.028222	88.938000
38.218820	2.040481	88.984000
38.238578	2.050687	89.030000
38.259070	2.064487	89.076000
38.278448	2.077526	89.122000
38.297568	2.088576	89.168000
38.317618	2.101291	89.214000
38.385543	2.159630	89.259000
38.406070	2.174607	89.415000
38.425855	2.188699	89.461000
38.445436	2.200313	89.507000
38.464867	2.214213	89.552000
38.484668	2.223219	89.598000
38.504314	2.234449	89.644000
38.525075	2.248571	89.690000
38.545513	2.261080	89.736000
38.564629	2.275823	89.782000
38.727473	2.282268	89.827000
38.747227	2.390569	90.205000
38.767507	2.399817	90.251000
38.787742	2.411921	90.297000
38.855249	2.445022	90.342000
38.874945	2.453081	90.498000
38.894672	2.473650	90.544000
38.914307	2.490013	90.590000
38.933766	2.508146	90.636000
38.954380	2.518424	90.682000
38.974553	2.540382	90.727000
38.994104	2.557699	90.773000
39.013870	2.573612	90.819000
39.033655	2.580718	90.864000
39.053040	2.583546	90.910000
39.121438	2.583148	90.956000
39.141584	2.607999	91.112000
39.160401	2.618598	91.158000
39.180385	2.625523	91.204000
39.199567	2.628094	91.250000
39.220071	2.636853	91.295000
39.239606	2.649494	91.341000
39.259279	2.664145	91.387000
39.328984	2.717937	91.433000
39.349302	2.726969	91.595000
39.370194	2.733894	91.641000
39.390540	2.744529	91.687000
39.410371	2.761039	91.733000
39.429675	2.780254	91.778000
39.449441	2.799211	91.824000
39.469429	2.816827	91.870000
39.488826	2.833222	91.916000
39.508926	2.848662	91.962000
39.529222	2.872455	92.008000
39.596498	2.896949	92.053000
39.616057	2.973395	92.209000
39.635488	2.978854	92.255000
39.655350	2.974177	92.301000
39.675892	2.976435	92.346000
39.695769	2.981878	92.392000
39.715385	2.994705	92.438000
39.734551	3.008248	92.484000
39.806864	3.054287	92.529000
39.827421	3.078036	92.695000
39.846875	3.106759	92.741000
39.866234	3.123977	92.787000
39.886142	3.134485	92.833000
39.905865	3.146289	92.878000
39.925031	3.161081	92.924000
39.945658	3.179311	92.970000
39.966046	3.194130	93.015000
39.985454	3.207087	93.061000
40.004859	3.219598	93.107000
40.072450	3.235442	93.153000
40.092062	3.324685	93.309000
40.112212	3.345995	93.355000
40.132366	3.364866	93.400000
40.152347	3.382655	93.446000
40.172216	3.399578	93.492000
40.191221	3.412839	93.538000
40.210783	3.429961	93.584000
40.375774	3.572776	93.629000
40.395870	3.587005	94.007000
40.415897	3.599567	94.053000
40.435497	3.617530	94.099000
40.454406	3.642223	94.144000
40.474710	3.670538	94.191000
40.542766	3.700752	94.236000
40.562466	3.777598	94.393000
40.582413	3.803957	94.439000
40.602251	3.832689	94.484000
40.621867	3.862924	94.530000
40.641706	3.888649	94.576000
40.661422	3.906261	94.622000
40.680957	3.916142	94.668000
40.701018	3.926700	94.713000
40.768890	4.020359	94.759000
40.788813	4.047050	94.915000
40.807668	4.064226	94.961000
40.827945	4.081063	95.007000
40.848203	4.098245	95.052000
40.868199	4.117102	95.098000
40.888998	4.139488	95.144000
40.908368	4.163422	95.190000
40.927062	4.191454	95.236000
40.947300	4.214682	95.282000
41.110308	4.242654	95.328000
41.130981	4.507705	95.705000
41.150393	4.543248	95.751000
41.169905	4.580140	95.797000
41.237347	4.689693	95.842000
41.257212	4.720861	95.999000
41.276893	4.750340	96.045000
41.297792	4.782803	96.090000
41.317270	4.817492	96.136000
41.337577	4.844230	96.182000
41.357243	4.872116	96.228000
41.376982	4.899535	96.274000
41.396459	4.932877	96.319000
41.416310	4.958678	96.365000
41.436371	4.988242	96.411000
41.504028	5.019092	96.457000
41.523997	5.072215	96.613000
41.543409	5.090221	96.658000
41.563048	5.117596	96.704000
41.583160	5.153904	96.750000
41.603010	5.191743	96.796000
41.623060	5.237855	96.842000
41.643267	5.282011	96.887000
41.712722	5.447469	96.933000
41.732603	5.497276	97.095000
41.752737	5.548849	97.141000
41.772253	5.598037	97.187000
41.791946	5.646282	97.233000
41.812027	5.689255	97.278000
41.831958	5.734944	97.324000
41.852150	5.783298	97.370000
41.872323	5.828784	97.416000
41.891985	5.871446	97.461000
41.911289	5.912329	97.507000
41.978293	5.927688	97.553000
41.998431	5.919682	97.709000
42.018412	5.962157	97.755000
42.039031	6.014825	97.801000
42.059050	6.075446	97.847000
42.078493	6.139227	97.892000
42.098166	6.202661	97.938000
42.117498	6.261750	97.984000
42.189592	6.418555	98.030000
42.209573	6.462858	98.195000
42.228889	6.510647	98.241000
42.249212	6.545357	98.287000
42.269027	6.574141	98.333000
42.289511	6.594791	98.379000
42.309638	6.599881	98.425000
42.328939	6.619732	98.470000
42.348232	6.654625	98.516000
42.368847	6.698036	98.562000
42.388417	6.734969	98.608000
42.455605	6.755505	98.654000
42.476342	6.851382	98.809000
42.496162	6.891350	98.855000
42.515632	6.922395	98.901000
42.535370	6.950771	98.947000
42.554879	6.981677	98.993000
42.574448	7.022280	99.039000
42.595044	7.075783	99.085000
42.758394	7.475977	99.131000
42.778221	7.498756	99.508000
42.797561	7.530266	99.553000
42.817803	7.567430	99.599000
42.837426	7.607089	99.645000
42.857661	7.643564	99.691000
42.925659	7.671219	99.737000
42.945794	7.833324	99.893000
42.964764	7.904273	99.939000
42.984883	7.975133	99.985000
43.005072	8.043364	100.030000
43.024465	8.110160	100.076000
43.044492	8.161818	100.122000
43.064388	8.200761	100.167000
43.083885	8.238108	100.213000
43.151434	8.434532	100.259000
43.171180	8.520472	100.415000
43.191046	8.593942	100.460000
43.211288	8.659745	100.506000
43.231926	8.725779	100.552000
43.251200	8.787497	100.598000
43.270466	8.849710	100.643000
43.290197	8.909674	100.689000
43.309509	8.971415	100.735000
43.329517	9.036517	100.780000
43.494366	9.101041	100.826000
43.513905	9.589907	101.205000
43.533778	9.663327	101.251000
43.553278	9.736999	101.297000
43.621085	9.949975	101.343000
43.641281	10.016342	101.499000
43.661508	10.090316	101.544000
43.680947	10.168762	101.590000
43.700447	10.254152	101.635000
43.719940	10.342088	101.681000
43.739257	10.428649	101.727000
43.759034	10.512782	101.773000
43.779679	10.597977	101.818000
43.799353	10.681228	101.864000
43.819848	10.768646	101.910000
43.886406	10.860239	101.956000
43.906122	11.109494	102.112000
43.925523	11.144992	102.158000
43.945984	11.178992	102.203000
43.966249	11.224450	102.249000
43.986149	11.275742	102.295000
44.005819	11.330414	102.341000
44.025750	11.391389	102.387000
44.097087	11.626802	102.433000
44.116568	11.714230	102.596000
44.136284	11.809760	102.641000
44.155419	11.905378	102.687000
44.175996	12.001336	102.733000
44.195665	12.095459	102.779000
44.215477	12.172526	102.824000
44.235420	12.224318	102.870000
44.254920	12.264198	102.916000
44.274720	12.306666	102.961000
44.295147	12.362627	103.007000
44.362320	12.437361	103.053000
44.382412	12.739829	103.208000
44.402354	12.829410	103.254000
44.421667	12.918511	103.300000
44.441221	13.003325	103.346000
44.460941	13.084667	103.392000
44.480376	13.160195	103.437000
44.500476	13.235204	103.483000
44.572627	13.520413	103.529000
44.592696	13.598991	103.695000
44.612923	13.678791	103.741000
44.633084	13.758328	103.787000
44.653096	13.841118	103.833000
44.672374	13.924265	103.879000
44.691851	14.002959	103.925000
44.711548	14.072830	103.970000
44.731171	14.143172	104.016000
44.750930	14.222469	104.062000
44.771410	14.315883	104.108000
44.839639	14.419566	104.153000
44.859320	14.815601	104.310000
44.878882	14.919929	104.355000
44.898279	14.998607	104.401000
44.917495	15.050935	104.447000
44.937607	15.103771	104.493000
44.958060	15.172749	104.539000
44.978122	15.256143	104.584000
45.140269	15.762721	104.630000
45.160043	15.888541	105.008000
45.179928	16.020479	105.054000
45.200400	16.150252	105.100000
45.220535	16.280483	105.145000
45.240631	16.408082	105.191000
45.307784	16.532663	105.237000
45.327903	16.743357	105.393000
45.347607	16.795178	105.439000
45.366678	16.820842	105.485000
45.386924	16.829092	105.531000
45.407400	16.857509	105.576000
45.426828	16.910777	105.622000
45.446643	16.999025	105.668000
45.466401	17.104563	105.714000
45.533885	17.441259	105.759000
45.553728	17.560124	105.915000
45.574454	17.688149	105.961000
45.593935	17.813081	106.007000
45.613382	17.926561	106.053000
45.633294	18.040333	106.099000
45.652810	18.158702	106.145000
45.672971	18.256904	106.191000
45.692679	18.337733	106.236000
45.712691	18.423355	106.282000
45.876371	18.526548	106.328000
45.895791	19.460140	106.705000
45.915738	19.581412	106.751000
45.935991	19.718804	106.798000
46.004520	20.278979	106.843000
