Sample	2mm tape 
date	08/01/2026
	
Temperature (K)	77.00
Angle (deg.)	90.000000
field / T	0.400000
	
		
Approx. trace time (s)	90.0	
		
Current / A	V1  -sample/ uV	time/s
-0.018478	0.072420	0.000000
-0.018305	0.075884	0.140000
-0.017910	0.077370	0.186000
-0.018371	0.080319	0.231000
-0.018866	0.084175	0.277000
-0.018591	0.088347	0.323000
-0.018180	0.089814	0.369000
-0.018395	0.096240	0.415000
-0.018425	0.103356	0.460000
-0.017952	0.107863	0.506000
-0.018221	0.105060	0.552000
-0.018484	0.098669	0.598000
-0.008868	0.103835	0.754000
-0.001319	0.110272	0.800000
0.027065	0.112490	0.846000
0.046595	0.112631	0.891000
0.065473	0.112035	0.937000
0.083957	0.113935	0.983000
0.102803	0.117409	1.029000
0.258305	0.152847	1.075000
0.276838	0.155340	1.452000
0.295165	0.158006	1.498000
0.314467	0.162175	1.544000
0.332749	0.166369	1.589000
0.352309	0.170699	1.635000
0.417114	0.173405	1.681000
0.435166	0.161912	1.836000
0.453068	0.164698	1.882000
0.471130	0.170346	1.928000
0.490815	0.171784	1.974000
0.509695	0.175595	2.020000
0.528591	0.174979	2.065000
0.547288	0.175929	2.111000
0.565713	0.172941	2.157000
0.629282	0.184922	2.203000
0.649589	0.185998	2.358000
0.667278	0.194027	2.404000
0.686054	0.192851	2.450000
0.704566	0.201548	2.496000
0.723174	0.205046	2.541000
0.742306	0.209109	2.587000
0.760731	0.216775	2.633000
0.779257	0.219643	2.678000
0.798497	0.224660	2.724000
0.954150	0.225159	2.770000
0.972566	0.242483	3.148000
0.991610	0.248741	3.193000
1.010279	0.255399	3.239000
1.075072	0.261592	3.285000
1.092929	0.262914	3.441000
1.112240	0.262914	3.487000
1.131357	0.261188	3.532000
1.149217	0.266866	3.578000
1.168172	0.270404	3.624000
1.186334	0.269178	3.670000
1.205672	0.269127	3.715000
1.225147	0.269875	3.761000
1.243901	0.271812	3.807000
1.262385	0.276425	3.853000
1.325439	0.280368	3.898000
1.344945	0.269663	4.054000
1.363918	0.260865	4.100000
1.382861	0.254253	4.146000
1.401804	0.260551	4.192000
1.420693	0.261829	4.237000
1.438724	0.265862	4.283000
1.458115	0.266886	4.329000
1.526155	0.285764	4.374000
1.544353	0.286340	4.540000
1.564054	0.285264	4.586000
1.582132	0.286047	4.632000
1.601536	0.292321	4.677000
1.619992	0.296145	4.723000
1.638690	0.299987	4.769000
1.657698	0.298821	4.814000
1.676773	0.295545	4.860000
1.694492	0.300411	4.906000
1.713932	0.305604	4.952000
1.777418	0.306392	4.998000
1.796906	0.301385	5.153000
1.815586	0.299276	5.199000
1.834159	0.291634	5.245000
1.853026	0.282569	5.290000
1.872321	0.279812	5.336000
1.890271	0.278758	5.382000
1.909645	0.278107	5.427000
1.977931	0.282397	5.473000
1.997075	0.283937	5.640000
2.015404	0.282720	5.685000
2.035472	0.283058	5.731000
2.054267	0.284779	5.777000
2.072994	0.283310	5.823000
2.091120	0.279273	5.869000
2.109623	0.274660	5.915000
2.127904	0.272959	5.960000
2.147296	0.279742	6.006000
2.165970	0.283694	6.052000
2.230038	0.286188	6.098000
2.249448	0.273453	6.254000
2.268884	0.274927	6.300000
2.287715	0.281555	6.346000
2.306462	0.283805	6.392000
2.325440	0.279753	6.437000
2.343656	0.275200	6.483000
2.362952	0.275099	6.529000
2.517781	0.296660	6.574000
2.536404	0.297200	6.952000
2.554983	0.306871	6.998000
2.573920	0.312272	7.044000
2.593115	0.314058	7.089000
2.612639	0.311157	7.135000
2.676580	0.314704	7.181000
2.694189	0.311656	7.338000
2.713769	0.316239	7.383000
2.732448	0.317859	7.429000
2.751272	0.317627	7.475000
2.771303	0.310742	7.521000
2.789781	0.301944	7.567000
2.807896	0.296206	7.612000
2.827298	0.287762	7.658000
2.890569	0.282790	7.704000
2.909219	0.285945	7.860000
2.928605	0.296297	7.905000
2.947428	0.300279	7.951000
2.966200	0.297958	7.997000
2.985178	0.288751	8.043000
3.003415	0.285234	8.088000
3.022179	0.288216	8.134000
3.041092	0.286575	8.180000
3.060359	0.286727	8.226000
3.214928	0.286919	8.272000
3.232926	0.274185	8.648000
3.252078	0.278899	8.694000
3.271350	0.287313	8.739000
3.335671	0.293895	8.785000
3.354227	0.292088	8.941000
3.372419	0.290023	8.987000
3.391739	0.290144	9.033000
3.409947	0.293405	9.079000
3.429231	0.294107	9.124000
3.448342	0.295192	9.170000
3.467221	0.297200	9.216000
3.486170	0.300219	9.262000
3.504354	0.298518	9.307000
3.522536	0.300108	9.353000
3.586964	0.301051	9.399000
3.606858	0.298720	9.554000
3.624166	0.302480	9.600000
3.643947	0.304111	9.646000
3.662475	0.305887	9.692000
3.681447	0.304459	9.737000
3.700857	0.302934	9.783000
3.718726	0.303535	9.829000
3.786396	0.305277	9.875000
3.805375	0.297302	10.040000
3.824942	0.280757	10.086000
3.843860	0.274216	10.132000
3.863180	0.273029	10.177000
3.881855	0.273883	10.223000
3.900089	0.271092	10.269000
3.919385	0.260936	10.315000
3.937347	0.254814	10.361000
3.956386	0.237364	10.406000
3.974985	0.224317	10.452000
4.039027	0.215030	10.498000
4.057725	0.205178	10.653000
4.076067	0.193377	10.699000
4.093989	0.183515	10.744000
4.114181	0.173446	10.791000
4.132062	0.167101	10.837000
4.152105	0.165122	10.883000
4.171613	0.162548	10.929000
4.239288	0.138755	10.974000
4.258537	0.133485	11.140000
4.277922	0.133334	11.186000
4.296859	0.129741	11.232000
4.314806	0.125115	11.278000
4.333458	0.117026	11.324000
4.352550	0.114425	11.369000
4.371649	0.109869	11.415000
4.390432	0.111910	11.461000
4.410195	0.116074	11.507000
4.429068	0.121314	11.553000
4.492103	0.119817	11.599000
4.510669	0.110831	11.754000
4.529635	0.112238	11.800000
4.547806	0.120029	11.846000
4.567402	0.120933	11.892000
4.586830	0.120367	11.938000
4.605730	0.113806	11.984000
4.624329	0.107081	12.030000
4.779321	0.105978	12.076000
4.798197	0.104672	12.453000
4.817835	0.102071	12.498000
4.836625	0.103326	12.544000
4.855262	0.107983	12.590000
4.873681	0.112520	12.636000
4.937602	0.113462	12.682000
4.956091	0.110473	12.838000
4.975333	0.111022	12.884000
4.994572	0.115301	12.929000
5.013485	0.119121	12.975000
5.032362	0.118976	13.021000
5.050374	0.118632	13.067000
5.069354	0.115548	13.113000
5.088759	0.111546	13.159000
5.152237	0.116578	13.205000
5.171563	0.117329	13.360000
5.189800	0.118049	13.406000
5.208822	0.117742	13.451000
5.227932	0.111648	13.498000
5.246931	0.109889	13.543000
5.265396	0.105515	13.589000
5.284853	0.096463	13.635000
5.303739	0.095097	13.681000
5.322058	0.092647	13.727000
5.476116	0.094013	13.773000
5.495059	0.133860	14.148000
5.514209	0.141208	14.194000
5.532996	0.139780	14.239000
5.596703	0.142728	14.286000
5.615169	0.149248	14.441000
5.634446	0.153983	14.487000
5.653594	0.161008	14.533000
5.672591	0.163845	14.579000
5.691708	0.166339	14.624000
5.710167	0.169544	14.670000
5.728925	0.174601	14.716000
5.747024	0.186523	14.762000
5.765946	0.192625	14.808000
5.785014	0.201589	14.853000
5.849363	0.205026	14.899000
5.868458	0.204662	15.055000
5.886886	0.205066	15.101000
5.905694	0.209568	15.146000
5.924668	0.210447	15.192000
5.943454	0.214353	15.238000
5.961935	0.215458	15.284000
5.981355	0.219057	15.330000
6.049163	0.221844	15.376000
6.067760	0.226790	15.540000
6.087034	0.228239	15.586000
6.105453	0.233533	15.632000
6.123996	0.234507	15.678000
6.142957	0.234436	15.723000
6.160993	0.238460	15.769000
6.179884	0.239827	15.815000
6.198789	0.241034	15.860000
6.217780	0.240761	15.906000
6.236993	0.241656	15.952000
6.301301	0.242039	15.998000
6.319811	0.243987	16.154000
6.338272	0.244593	16.199000
6.357247	0.251164	16.245000
6.376419	0.261869	16.291000
6.395355	0.267452	16.336000
6.413982	0.272066	16.382000
6.432551	0.273964	16.428000
6.501021	0.261511	16.474000
6.520230	0.265599	16.640000
6.538646	0.272555	16.686000
6.557349	0.275532	16.732000
6.576247	0.278465	16.778000
6.595167	0.276183	16.824000
6.614101	0.277278	16.869000
6.633326	0.281584	16.915000
6.652285	0.286501	16.961000
6.670870	0.288721	17.006000
6.689069	0.283229	17.052000
6.752962	0.281942	17.098000
6.771902	0.285692	17.253000
6.791550	0.279974	17.300000
6.810217	0.284981	17.345000
6.829105	0.290952	17.391000
6.847518	0.303736	17.437000
6.866689	0.307214	17.482000
6.885425	0.305796	17.528000
7.040643	0.307679	17.574000
7.059257	0.313660	17.952000
7.078182	0.317505	17.998000
7.096637	0.320019	18.044000
7.115606	0.319338	18.089000
7.133654	0.315244	18.135000
7.198446	0.314573	18.181000
7.217701	0.324632	18.337000
7.236376	0.327741	18.383000
7.254421	0.325531	18.428000
7.272771	0.325117	18.474000
7.291824	0.325258	18.520000
7.311043	0.325521	18.566000
7.329878	0.322846	18.611000
7.349103	0.311878	18.657000
7.411953	0.286808	18.703000
7.430610	0.283816	18.858000
7.449417	0.279651	18.904000
7.468879	0.275139	18.949000
7.487682	0.274518	18.996000
7.506385	0.271853	19.041000
7.525454	0.269855	19.087000
7.544226	0.266725	19.133000
7.562469	0.263167	19.179000
7.581658	0.258685	19.225000
7.737170	0.258200	19.270000
7.756261	0.226810	19.648000
7.774870	0.226406	19.694000
7.793230	0.223852	19.740000
7.857404	0.224185	19.786000
7.876187	0.228198	19.942000
7.895985	0.224478	19.987000
7.914730	0.221591	20.033000
7.933418	0.223585	20.079000
7.951539	0.226527	20.125000
7.970268	0.231655	20.171000
7.988967	0.235834	20.217000
8.007509	0.241574	20.262000
8.026983	0.241635	20.308000
8.046247	0.242669	20.354000
8.109521	0.241948	20.399000
8.128627	0.256973	20.555000
8.147410	0.259679	20.601000
8.165899	0.264716	20.647000
8.184927	0.263803	20.693000
8.203452	0.264403	20.738000
8.222509	0.264807	20.784000
8.241105	0.264746	20.830000
8.309050	0.263783	20.876000
8.327513	0.261542	21.040000
8.346408	0.261522	21.086000
8.365492	0.263258	21.132000
8.384160	0.269795	21.178000
8.402968	0.274499	21.224000
8.422143	0.279611	21.270000
8.441384	0.282054	21.315000
8.460455	0.282892	21.361000
8.478456	0.282710	21.407000
8.497364	0.283573	21.453000
8.560794	0.286768	21.498000
8.580083	0.304893	21.654000
8.599296	0.304570	21.700000
8.617997	0.295081	21.745000
8.637077	0.284952	21.791000
8.655510	0.282256	21.837000
8.673877	0.285063	21.883000
8.692428	0.287984	21.929000
8.761130	0.263409	21.974000
8.779392	0.258796	22.140000
8.798939	0.258847	22.186000
8.817500	0.263964	22.232000
8.836390	0.263126	22.278000
8.855709	0.257620	22.324000
8.874838	0.254975	22.370000
8.892665	0.249827	22.416000
8.911145	0.247066	22.461000
8.929460	0.250614	22.507000
8.948405	0.246773	22.553000
9.013273	0.241494	22.598000
9.032377	0.229672	22.755000
9.051410	0.227824	22.801000
9.069417	0.222096	22.847000
9.087761	0.220051	22.892000
9.106334	0.216448	22.938000
9.124888	0.214373	22.983000
9.144172	0.212234	23.029000
9.300252	0.183045	23.075000
9.318246	0.177967	23.453000
9.337454	0.172007	23.499000
9.355924	0.167575	23.545000
9.374884	0.164606	23.590000
9.394098	0.164566	23.636000
9.458964	0.169906	23.682000
9.477220	0.169634	23.838000
9.495644	0.168569	23.884000
9.514572	0.165470	23.930000
9.533233	0.167504	23.976000
9.552529	0.167040	24.021000
9.571785	0.163582	24.067000
9.590603	0.159691	24.113000
9.608314	0.157571	24.159000
9.672788	0.168842	24.204000
9.691550	0.171023	24.360000
9.710147	0.171814	24.406000
9.729314	0.171390	24.452000
9.748109	0.169109	24.498000
9.766525	0.167953	24.543000
9.785073	0.167585	24.589000
9.803895	0.166838	24.635000
9.822979	0.170113	24.681000
9.841777	0.172441	24.726000
9.996720	0.174166	24.772000
10.015201	0.181535	25.149000
10.034560	0.179315	25.195000
10.053514	0.179976	25.240000
10.117009	0.194866	25.286000
10.136027	0.199907	25.442000
10.154512	0.194724	25.488000
10.172708	0.191125	25.533000
10.191231	0.187658	25.579000
10.209969	0.185917	25.625000
10.229093	0.185397	25.671000
10.248174	0.185215	25.717000
10.267833	0.184619	25.763000
10.286406	0.184811	25.808000
10.305282	0.190327	25.854000
10.369512	0.188127	25.900000
10.388401	0.198933	26.056000
10.407101	0.199540	26.102000
10.426106	0.206131	26.148000
10.445294	0.203708	26.194000
10.464040	0.199489	26.240000
10.482476	0.189394	26.286000
10.501194	0.180623	26.331000
10.568623	0.173557	26.377000
10.586870	0.174939	26.541000
10.605903	0.172198	26.587000
10.624929	0.169190	26.632000
10.643911	0.168135	26.678000
10.662403	0.168883	26.724000
10.681844	0.168135	26.770000
10.700488	0.168014	26.816000
10.718954	0.164048	26.862000
10.737892	0.159354	26.907000
10.756973	0.159731	26.953000
10.820996	0.159438	26.999000
10.840242	0.174187	27.155000
10.859040	0.177725	27.201000
10.877409	0.179164	27.247000
10.894952	0.176135	27.292000
10.914229	0.175807	27.338000
10.933304	0.173874	27.384000
10.952498	0.173143	27.430000
11.019113	0.180613	27.476000
11.038585	0.180552	27.641000
11.057433	0.182176	27.687000
11.076681	0.181445	27.732000
11.095782	0.184141	27.778000
11.114204	0.187173	27.824000
11.132513	0.187729	27.870000
11.151084	0.190853	27.915000
11.170000	0.191615	27.961000
11.188814	0.194129	28.007000
11.208231	0.196622	28.052000
11.272466	0.198000	28.098000
11.290669	0.204824	28.254000
11.309451	0.200252	28.300000
11.328813	0.197218	28.346000
11.347118	0.199509	28.391000
11.366109	0.204314	28.437000
11.385686	0.210356	28.483000
11.404384	0.215690	28.529000
11.558675	0.231984	28.575000
11.577834	0.235491	28.953000
11.596466	0.242332	28.999000
11.615697	0.250251	29.045000
11.635299	0.259306	29.091000
11.654169	0.271086	29.136000
11.716901	0.275261	29.182000
11.735061	0.279641	29.337000
11.754269	0.289160	29.383000
11.773691	0.296388	29.429000
11.792955	0.303060	29.475000
11.811603	0.310621	29.521000
11.829726	0.308825	29.567000
11.849190	0.312600	29.612000
11.867573	0.310955	29.658000
11.931819	0.330165	29.704000
11.950671	0.330977	29.859000
11.969592	0.332325	29.905000
11.987896	0.328756	29.951000
12.006313	0.329751	29.997000
12.025664	0.332244	30.042000
12.044114	0.343899	30.088000
12.063161	0.350753	30.134000
12.082606	0.354479	30.180000
12.101209	0.351262	30.226000
12.255894	0.344145	30.271000
12.274949	0.333268	30.649000
12.293698	0.334323	30.695000
12.312708	0.331300	30.740000
12.377728	0.330402	30.786000
12.396066	0.331557	30.942000
12.414221	0.333959	30.988000
12.433232	0.335368	31.033000
12.451740	0.341501	31.079000
12.471276	0.341062	31.125000
12.490642	0.338276	31.171000
12.509210	0.332032	31.216000
12.526847	0.334343	31.262000
12.545755	0.332436	31.308000
12.565054	0.328999	31.354000
12.629339	0.325718	31.399000
12.647971	0.331779	31.555000
12.666604	0.337160	31.601000
12.685535	0.339563	31.647000
12.703930	0.345975	31.692000
12.722975	0.347190	31.738000
12.741999	0.351806	31.784000
12.761053	0.354429	31.830000
12.828186	0.376508	31.876000
12.847453	0.381337	32.041000
12.865887	0.385082	32.087000
12.885229	0.387259	32.132000
12.904014	0.393231	32.178000
12.922121	0.397375	32.224000
12.940978	0.404053	32.270000
12.959655	0.412721	32.315000
12.978802	0.418502	32.361000
12.997278	0.422821	32.407000
13.016145	0.426496	32.453000
13.080282	0.427791	32.499000
13.098874	0.440547	32.654000
13.117123	0.442857	32.700000
13.136157	0.443179	32.746000
13.154976	0.440044	32.792000
13.174385	0.452038	32.837000
13.192971	0.453142	32.883000
13.212794	0.454538	32.929000
13.280284	0.450415	32.974000
13.299629	0.452431	33.141000
13.318731	0.460022	33.187000
13.338121	0.468272	33.233000
13.355906	0.474103	33.279000
13.374649	0.477697	33.325000
13.393607	0.481028	33.371000
13.412424	0.479320	33.416000
13.431247	0.475227	33.462000
13.450075	0.464618	33.507000
13.468815	0.458605	33.553000
13.532037	0.453445	33.599000
13.551431	0.440306	33.754000
13.569851	0.439912	33.800000
13.588787	0.440911	33.846000
13.608349	0.441913	33.892000
13.626789	0.439942	33.937000
13.645591	0.431013	33.983000
13.664019	0.424077	34.029000
13.819225	0.364393	34.075000
13.838205	0.359977	34.453000
13.858070	0.354651	34.499000
13.876744	0.349497	34.545000
13.895085	0.345552	34.591000
13.913939	0.337281	34.637000
13.977406	0.331047	34.683000
13.996864	0.311605	34.839000
14.015890	0.307558	34.884000
14.034995	0.306513	34.931000
14.054334	0.301607	34.977000
14.072710	0.293162	35.022000
14.091498	0.281170	35.068000
14.110296	0.273690	35.114000
14.129276	0.270273	35.160000
14.193059	0.266175	35.206000
14.211743	0.265080	35.362000
14.230879	0.260124	35.408000
14.249220	0.257690	35.453000
14.268238	0.254601	35.499000
14.286999	0.255521	35.545000
14.305633	0.254274	35.591000
14.325036	0.257297	35.636000
14.343471	0.258078	35.682000
14.362398	0.261189	35.728000
14.516643	0.257448	35.774000
14.535235	0.147361	36.149000
14.554751	0.114646	36.195000
14.573212	0.081125	36.241000
14.636829	-0.012113	36.286000
14.655483	-0.028342	36.442000
14.674503	-0.051511	36.488000
14.693775	-0.075948	36.534000
14.712989	-0.093549	36.580000
14.731679	-0.107928	36.625000
14.750330	-0.124226	36.671000
14.768587	-0.140902	36.717000
14.787823	-0.160196	36.763000
14.806272	-0.179345	36.809000
14.825467	-0.197753	36.854000
14.889295	-0.210305	36.900000
14.908146	-0.240613	37.055000
14.926137	-0.252994	37.101000
14.945366	-0.265067	37.147000
14.964687	-0.273207	37.193000
14.983600	-0.274333	37.239000
15.001582	-0.278295	37.284000
15.020562	-0.276473	37.330000
15.088284	-0.293532	37.376000
15.106566	-0.286840	37.541000
15.125242	-0.280182	37.587000
15.144701	-0.271078	37.633000
15.163261	-0.261852	37.679000
15.181750	-0.258404	37.724000
15.200902	-0.260050	37.770000
15.219349	-0.264011	37.816000
15.238404	-0.258874	37.862000
15.257808	-0.253418	37.907000
15.276424	-0.239084	37.953000
15.340404	-0.231715	37.999000
15.358647	-0.213954	38.155000
15.377847	-0.207731	38.201000
15.396796	-0.206676	38.247000
15.415801	-0.205052	38.293000
15.434906	-0.205450	38.338000
15.453094	-0.201800	38.384000
15.471713	-0.196773	38.430000
15.540418	-0.182913	38.476000
15.559208	-0.185315	38.641000
15.577274	-0.184200	38.687000
15.595814	-0.181188	38.733000
15.615042	-0.177670	38.778000
15.633603	-0.176292	38.824000
15.653085	-0.165456	38.870000
15.672041	-0.155866	38.916000
15.690835	-0.147968	38.961000
15.708834	-0.151485	39.007000
15.727616	-0.152823	39.053000
15.791838	-0.139851	39.098000
15.810786	-0.112955	39.254000
15.830042	-0.103149	39.300000
15.849004	-0.080617	39.346000
15.867976	-0.061849	39.392000
15.886136	-0.055235	39.438000
15.904906	-0.049783	39.483000
15.923940	-0.031937	39.529000
16.080548	0.054584	39.575000
16.098875	0.070965	39.954000
16.117470	0.090318	39.999000
16.136510	0.098942	40.045000
16.154401	0.103417	40.091000
16.173085	0.105161	40.137000
16.238249	0.119898	40.183000
16.257013	0.183403	40.339000
16.276161	0.190873	40.385000
16.294292	0.207408	40.431000
16.313406	0.223383	40.477000
16.331983	0.232387	40.523000
16.350677	0.237748	40.568000
16.370120	0.247919	40.614000
16.389127	0.262536	40.660000
16.452677	0.255430	40.705000
16.471161	0.272096	40.861000
16.490368	0.286329	40.907000
16.508439	0.286167	40.953000
16.527775	0.281322	40.998000
16.547210	0.280398	41.044000
16.566319	0.287742	41.090000
16.584064	0.288570	41.136000
16.602621	0.285601	41.181000
16.621471	0.284325	41.227000
16.776830	0.291654	41.273000
16.795462	0.291492	41.649000
16.814049	0.288918	41.695000
16.832633	0.290265	41.740000
16.896511	0.272959	41.786000
16.916185	0.274805	41.942000
16.935080	0.283219	41.988000
16.953941	0.284597	42.033000
16.972209	0.288085	42.079000
16.990503	0.292930	42.125000
17.008916	0.297034	42.171000
17.028087	0.297220	42.217000
17.047403	0.299043	42.262000
17.066343	0.297004	42.308000
17.085138	0.298801	42.354000
17.147897	0.300573	42.400000
17.166629	0.313458	42.556000
17.185699	0.324834	42.601000
17.205661	0.332486	42.647000
17.224071	0.329791	42.693000
17.243385	0.322553	42.739000
17.262277	0.322472	42.785000
17.280623	0.328322	42.831000
17.348765	0.340536	42.877000
17.367471	0.336725	43.041000
17.386040	0.334424	43.087000
17.405124	0.334606	43.133000
17.423366	0.339674	43.179000
17.442281	0.343039	43.224000
17.461274	0.346987	43.270000
17.480348	0.344618	43.316000
17.499207	0.341944	43.361000
17.517563	0.339158	43.407000
17.535858	0.341995	43.453000
17.600003	0.348690	43.499000
17.619509	0.335479	43.655000
17.638316	0.339825	43.701000
17.657058	0.346806	43.746000
17.675541	0.350782	43.792000
17.693635	0.354408	43.837000
17.712569	0.355981	43.883000
17.731236	0.360898	43.929000
17.800020	0.370265	43.975000
17.818613	0.368494	44.141000
17.837979	0.365385	44.187000
17.857233	0.364403	44.233000
17.876123	0.368267	44.279000
17.895735	0.375843	44.325000
17.914191	0.383354	44.370000
17.931842	0.383131	44.416000
17.950845	0.378222	44.462000
17.969779	0.376447	44.507000
17.988494	0.378765	44.553000
18.053308	0.378333	44.599000
18.072174	0.386937	44.755000
18.090586	0.383354	44.800000
18.109243	0.378101	44.846000
18.128087	0.374790	44.892000
18.147113	0.374331	44.938000
18.165102	0.375242	44.984000
18.184493	0.374351	45.029000
18.340212	0.360496	45.075000
18.358702	0.347007	45.454000
18.377910	0.347128	45.500000
18.396531	0.349246	45.546000
18.415371	0.349855	45.591000
18.435008	0.343464	45.637000
18.498291	0.338164	45.683000
18.516336	0.333247	45.838000
18.535195	0.339744	45.884000
18.554407	0.344044	45.930000
18.573268	0.346786	45.976000
18.592773	0.349003	46.022000
18.611282	0.348181	46.067000
18.629765	0.347330	46.113000
18.648481	0.348525	46.159000
18.713078	0.349297	46.205000
18.731916	0.350904	46.361000
18.750673	0.353489	46.407000
18.770210	0.357587	46.453000
18.788584	0.362325	46.498000
18.806937	0.368378	46.544000
18.825547	0.370333	46.590000
18.844692	0.370984	46.636000
18.863100	0.374841	46.681000
18.882312	0.381407	46.727000
19.036095	0.382278	46.773000
19.055232	0.398721	47.149000
19.073509	0.401850	47.195000
19.092660	0.401880	47.241000
19.157339	0.400116	47.287000
19.175870	0.406179	47.442000
19.194656	0.417863	47.488000
19.213281	0.430110	47.534000
19.232059	0.437125	47.579000
19.250901	0.446368	47.625000
19.269927	0.454598	47.671000
19.289019	0.457767	47.717000
19.307641	0.462808	47.762000
19.326133	0.464759	47.808000
19.344289	0.473549	47.854000
19.408661	0.485130	47.900000
19.428260	0.523686	48.056000
19.447284	0.532506	48.102000
19.465669	0.540409	48.148000
19.484345	0.549340	48.193000
19.503168	0.549512	48.239000
19.521556	0.554662	48.285000
19.540625	0.560061	48.331000
19.608552	0.579804	48.376000
19.627219	0.577522	48.542000
19.646255	0.580784	48.587000
19.664807	0.588127	48.633000
19.684446	0.596263	48.679000
19.703385	0.604985	48.725000
19.722283	0.609109	48.771000
19.740725	0.606928	48.816000
19.758939	0.607711	48.862000
19.778412	0.610164	48.908000
19.797010	0.614888	48.954000
19.862055	0.624246	49.000000
19.881035	0.638155	49.156000
19.899513	0.642189	49.202000
19.917687	0.641593	49.247000
19.936772	0.641215	49.293000
19.955597	0.638943	49.339000
19.974133	0.635012	49.385000
19.993301	0.632791	49.431000
20.061029	0.632008	49.476000
20.079846	0.636449	49.642000
20.099268	0.637362	49.687000
20.118484	0.637403	49.733000
20.137165	0.630856	49.779000
20.155261	0.627152	49.825000
20.173997	0.619096	49.871000
20.192754	0.619217	49.917000
20.211241	0.625188	49.962000
20.230309	0.628899	50.008000
20.250008	0.627378	50.053000
20.313323	0.630317	50.099000
20.331940	0.635566	50.255000
20.350442	0.636803	50.301000
20.369503	0.639705	50.346000
20.388344	0.640537	50.392000
20.407451	0.646397	50.438000
20.426222	0.650056	50.484000
20.444756	0.656987	50.529000
20.600074	0.676334	50.575000
20.619394	0.679792	50.954000
20.638541	0.682396	51.000000
20.657682	0.685212	51.046000
20.676566	0.689957	51.092000
20.694899	0.695089	51.137000
20.759092	0.701424	51.183000
20.777826	0.715970	51.339000
20.797056	0.718010	51.385000
20.816397	0.714482	51.431000
20.835641	0.710812	51.477000
20.853785	0.711509	51.523000
20.871834	0.710394	51.568000
20.890654	0.704039	51.614000
20.909231	0.696801	51.659000
20.973449	0.689452	51.705000
20.992241	0.687565	51.862000
21.011265	0.685843	51.907000
21.029813	0.685162	51.953000
21.048584	0.673220	51.999000
21.067573	0.666152	52.045000
21.085948	0.658672	52.091000
21.104450	0.652519	52.136000
21.123469	0.648442	52.182000
21.142501	0.644601	52.228000
21.296690	0.643142	52.274000
21.316101	0.620161	52.650000
21.334762	0.619834	52.695000
21.354187	0.617502	52.741000
21.417684	0.599276	52.787000
21.436352	0.596354	52.943000
21.454191	0.598494	52.988000
21.473085	0.600633	53.034000
21.492088	0.600128	53.080000
21.511502	0.600088	53.126000
21.531207	0.594602	53.172000
21.549457	0.590943	53.217000
21.568174	0.589207	53.263000
21.587061	0.587223	53.309000
21.606109	0.588914	53.355000
21.670773	0.597797	53.401000
21.689226	0.627348	53.557000
21.708053	0.639563	53.603000
21.726799	0.643707	53.649000
21.745143	0.650389	53.695000
21.764196	0.658193	53.741000
21.783245	0.669428	53.787000
21.801672	0.681301	53.832000
21.869215	0.709313	53.878000
21.888341	0.716612	54.042000
21.907581	0.725227	54.087000
21.926021	0.726070	54.133000
21.944820	0.738986	54.179000
21.963236	0.746749	54.224000
21.981722	0.754588	54.270000
22.001058	0.761023	54.316000
22.019579	0.762850	54.362000
22.038539	0.760175	54.408000
22.057752	0.759826	54.453000
22.121701	0.759150	54.499000
22.140726	0.786920	54.655000
22.158472	0.794867	54.701000
22.178067	0.798073	54.747000
22.196665	0.800900	54.792000
22.216290	0.797620	54.838000
22.235286	0.797921	54.884000
22.253465	0.800981	54.930000
22.321412	0.817775	54.976000
22.340634	0.815436	55.142000
22.359533	0.813490	55.188000
22.377808	0.812397	55.233000
22.396043	0.817876	55.279000
22.415144	0.823465	55.325000
22.433838	0.828576	55.370000
22.452968	0.827452	55.416000
22.472564	0.826967	55.462000
22.491022	0.826428	55.508000
22.508755	0.826177	55.553000
22.572951	0.825425	55.599000
22.592025	0.821359	55.755000
22.611176	0.815436	55.801000
22.629887	0.811580	55.847000
22.649249	0.808370	55.893000
22.667544	0.811031	55.938000
22.686368	0.809978	55.984000
22.705139	0.819972	56.030000
22.860443	0.829498	56.076000
22.879845	0.832501	56.454000
22.898330	0.833334	56.500000
22.917208	0.835844	56.546000
22.935316	0.833435	56.592000
22.954219	0.830541	56.638000
23.018403	0.832180	56.683000
23.037512	0.868093	56.838000
23.056511	0.871950	56.884000
23.074909	0.870856	56.930000
23.093465	0.869169	56.976000
23.111912	0.873786	57.022000
23.130610	0.879384	57.068000
23.149606	0.879576	57.113000
23.169089	0.885264	57.160000
23.233090	0.895394	57.205000
23.251705	0.898828	57.361000
23.270295	0.903938	57.407000
23.289274	0.903998	57.452000
23.308100	0.906846	57.498000
23.327328	0.911473	57.544000
23.346356	0.917667	57.590000
23.365034	0.922041	57.636000
23.383546	0.924063	57.682000
23.401938	0.922132	57.727000
23.557284	0.915933	57.773000
23.576710	0.907430	58.150000
23.595845	0.907869	58.196000
23.614184	0.903525	58.241000
23.677255	0.903877	58.287000
23.696187	0.911826	58.443000
23.714956	0.921940	58.489000
23.734397	0.927203	58.534000
23.753525	0.928358	58.580000
23.771729	0.932782	58.626000
23.790204	0.936048	58.672000
23.809031	0.944878	58.718000
23.827674	0.948078	58.763000
23.847014	0.949535	58.809000
23.866136	0.947187	58.855000
23.929861	0.946093	58.901000
23.948345	0.956824	59.056000
23.967410	0.963280	59.102000
23.986280	0.966026	59.148000
24.005387	0.960698	59.194000
24.024336	0.953431	59.239000
24.042800	0.952377	59.285000
24.061983	0.955619	59.331000
24.129992	0.966550	59.377000
24.148065	0.965175	59.542000
24.166695	0.970265	59.588000
24.185764	0.975224	59.634000
24.204158	0.985199	59.680000
24.223267	0.990868	59.726000
24.241653	0.989765	59.771000
24.260806	0.987018	59.817000
24.279829	0.983141	59.863000
24.298705	0.983041	59.908000
24.317358	0.985148	59.954000
24.381194	0.985844	60.000000
24.400063	0.978822	60.156000
24.419366	0.976878	60.202000
24.438813	0.976605	60.248000
24.457687	0.971429	60.293000
24.476650	0.963320	60.340000
24.494719	0.951415	60.385000
24.513256	0.941436	60.431000
24.582906	0.927646	60.477000
24.601032	0.925298	60.642000
24.619205	0.918579	60.688000
24.637960	0.907632	60.734000
24.656892	0.899861	60.779000
24.675644	0.896197	60.825000
24.695052	0.892195	60.871000
24.713898	0.893787	60.917000
24.732246	0.891095	60.963000
24.750738	0.889786	61.009000
24.770154	0.886222	61.054000
24.833512	0.881772	61.100000
24.852657	0.881001	61.256000
24.871589	0.877691	61.302000
24.890846	0.875413	61.348000
24.909470	0.872642	61.394000
24.928130	0.870912	61.439000
24.947056	0.873432	61.485000
24.965573	0.879496	61.531000
25.120343	0.919613	61.577000
25.139152	0.922707	61.955000
25.157980	0.925535	62.000000
25.176663	0.930454	62.046000
25.195282	0.938307	62.092000
25.214573	0.946405	62.138000
25.279304	0.959062	62.184000
25.298411	0.994024	62.340000
25.317001	1.005348	62.386000
25.335701	1.015638	62.431000
25.354571	1.026137	62.477000
25.373480	1.034309	62.523000
25.392280	1.040850	62.569000
25.412018	1.046962	62.615000
25.430432	1.054180	62.661000
25.493761	1.084968	62.706000
25.512772	1.090727	62.862000
25.531537	1.090279	62.908000
25.550311	1.083060	62.954000
25.569285	1.072255	62.999000
25.588565	1.062655	63.045000
25.607146	1.055316	63.091000
25.625676	1.048799	63.137000
25.644470	1.046342	63.183000
25.663544	1.047956	63.229000
25.818103	1.052963	63.274000
25.836800	1.009930	63.650000
25.855582	0.995107	63.696000
25.874107	0.983132	63.741000
25.938191	0.955721	63.787000
25.957809	0.949958	63.943000
25.976326	0.940412	63.989000
25.995260	0.930687	64.035000
26.014123	0.918792	64.081000
26.031895	0.908776	64.127000
26.050900	0.898829	64.173000
26.069655	0.892745	64.218000
26.088877	0.880921	64.264000
26.107886	0.881262	64.310000
26.126347	0.871215	64.355000
26.189926	0.858508	64.401000
26.208597	0.835133	64.557000
26.227865	0.831907	64.603000
26.247225	0.828738	64.649000
26.265654	0.825773	64.695000
26.285113	0.823839	64.741000
26.303453	0.821379	64.787000
26.322066	0.818656	64.832000
26.390067	0.824720	64.878000
26.409223	0.825233	65.042000
26.427137	0.823606	65.088000
26.446206	0.817886	65.134000
26.465420	0.809836	65.180000
26.484364	0.805240	65.226000
26.503398	0.799827	65.272000
26.522076	0.799655	65.317000
26.541214	0.801778	65.363000
26.559447	0.805200	65.409000
26.578559	0.807770	65.455000
26.642309	0.804807	65.501000
26.661181	0.786281	65.656000
26.680144	0.785398	65.702000
26.698947	0.784042	65.748000
26.717488	0.783729	65.793000
26.736212	0.782512	65.839000
26.754873	0.783254	65.885000
26.773629	0.780946	65.931000
26.841353	0.789509	65.977000
26.860202	0.786341	66.142000
26.879032	0.784022	66.188000
26.898176	0.782130	66.234000
26.917832	0.785681	66.279000
26.936345	0.789620	66.325000
26.954480	0.795522	66.371000
26.973268	0.800593	66.417000
26.992152	0.807659	66.463000
27.010963	0.810244	66.509000
27.029522	0.811580	66.554000
27.094207	0.809545	66.600000
27.112751	0.799686	66.756000
27.131048	0.799867	66.802000
27.149715	0.800310	66.848000
27.168407	0.799338	66.894000
27.187644	0.793562	66.940000
27.206903	0.787132	66.985000
27.226048	0.784691	67.032000
27.380793	0.788547	67.078000
27.400236	0.788658	67.455000
27.418847	0.788547	67.501000
27.437084	0.789459	67.547000
27.456761	0.786301	67.592000
27.475605	0.782150	67.638000
27.539241	0.777216	67.684000
27.557658	0.758186	67.840000
27.576669	0.754057	67.885000
27.595486	0.751129	67.932000
27.614621	0.750165	67.977000
27.634055	0.748036	68.023000
27.652664	0.746496	68.069000
27.671102	0.745037	68.114000
27.689481	0.742837	68.160000
27.753306	0.749001	68.206000
27.772071	0.749374	68.361000
27.790924	0.746032	68.407000
27.810544	0.744034	68.453000
27.828942	0.745836	68.499000
27.847753	0.749975	68.545000
27.867002	0.757657	68.591000
27.885187	0.761155	68.636000
27.903748	0.762351	68.682000
27.923323	0.760791	68.728000
28.077782	0.760922	68.773000
28.096704	0.817205	69.150000
28.115585	0.816862	69.196000
28.135049	0.819271	69.242000
28.199300	0.840762	69.288000
28.218038	0.846775	69.444000
28.236265	0.850611	69.490000
28.254999	0.854094	69.535000
28.273749	0.853942	69.581000
28.292548	0.851412	69.626000
28.311687	0.848560	69.672000
28.330716	0.842627	69.718000
28.349398	0.836928	69.764000
28.367727	0.832310	69.810000
28.386398	0.829751	69.855000
28.450366	0.831216	69.901000
28.469861	0.838585	70.057000
28.488015	0.835400	70.102000
28.507206	0.832200	70.148000
28.525848	0.829690	70.194000
28.544231	0.829468	70.239000
28.563399	0.830531	70.285000
28.582112	0.829831	70.332000
28.650357	0.818747	70.377000
28.668893	0.816661	70.542000
28.687360	0.814293	70.588000
28.706815	0.823329	70.634000
28.725445	0.826589	70.680000
28.744222	0.831518	70.725000
28.763071	0.831407	70.771000
28.781807	0.824922	70.817000
28.800275	0.818308	70.862000
28.819512	0.814030	70.908000
28.838018	0.817664	70.954000
28.902632	0.823015	71.000000
28.921132	0.822290	71.155000
28.939581	0.813530	71.201000
28.958475	0.809181	71.247000
28.976848	0.815356	71.293000
28.995709	0.821308	71.338000
29.014912	0.823424	71.384000
29.033975	0.821922	71.430000
29.101879	0.820455	71.476000
29.121003	0.824321	71.642000
29.140252	0.824821	71.688000
29.159386	0.828111	71.734000
29.177826	0.830632	71.780000
29.195869	0.827250	71.826000
29.215051	0.834135	71.872000
29.233414	0.837319	71.917000
29.252488	0.839749	71.963000
29.271866	0.843251	72.009000
29.290973	0.844814	72.055000
29.355128	0.846653	72.101000
29.373541	0.855616	72.257000
29.392016	0.856891	72.302000
29.410915	0.858307	72.348000
29.430112	0.857853	72.394000
29.449584	0.855969	72.439000
29.467844	0.860927	72.485000
29.486503	0.862611	72.531000
29.642410	0.839800	72.577000
29.660537	0.832200	72.955000
29.679946	0.825904	73.001000
29.699037	0.826842	73.047000
29.717818	0.831887	73.093000
29.736075	0.835501	73.138000
29.799537	0.835944	73.184000
29.818477	0.852456	73.340000
29.838123	0.863187	73.386000
29.857424	0.867803	73.432000
29.876066	0.869980	73.478000
29.894347	0.863005	73.524000
29.913022	0.857893	73.570000
29.931919	0.853881	73.616000
29.950647	0.850419	73.661000
30.014977	0.858439	73.707000
30.033625	0.858227	73.862000
30.052699	0.856291	73.908000
30.071147	0.850138	73.954000
30.090202	0.847638	74.000000
30.108592	0.848081	74.046000
30.127609	0.849875	74.092000
30.146543	0.848852	74.138000
30.165846	0.841815	74.184000
30.184826	0.837077	74.229000
30.338370	0.833858	74.275000
30.357075	0.802740	74.650000
30.375794	0.795352	74.696000
30.395039	0.791637	74.742000
30.458695	0.768049	74.788000
30.477953	0.759624	74.944000
30.496100	0.751100	74.990000
30.515214	0.744215	75.035000
30.534555	0.736644	75.081000
30.553630	0.730703	75.127000
30.572454	0.725379	75.173000
30.590810	0.720553	75.219000
30.609206	0.715162	75.265000
30.628173	0.710701	75.310000
30.646751	0.706890	75.356000
30.711680	0.703897	75.402000
30.730186	0.678308	75.558000
30.748774	0.676374	75.603000
30.767704	0.674073	75.649000
30.785970	0.672195	75.695000
30.804788	0.671221	75.741000
30.823622	0.670201	75.787000
30.842989	0.671346	75.832000
30.909618	0.674094	75.878000
30.929370	0.673402	76.043000
30.948283	0.674780	76.088000
30.967082	0.679241	76.134000
30.985788	0.684668	76.180000
31.004431	0.689351	76.225000
31.023208	0.692319	76.271000
31.042146	0.696983	76.317000
31.061133	0.701111	76.363000
31.079720	0.704393	76.409000
31.097943	0.704089	76.454000
31.161481	0.698759	76.500000
31.179662	0.689492	76.656000
31.199272	0.693192	76.702000
31.218299	0.702206	76.747000
31.237638	0.707557	76.793000
31.256674	0.710883	76.839000
31.275988	0.708329	76.885000
31.293660	0.707921	76.931000
31.362836	0.734949	76.976000
31.381487	0.741243	77.143000
31.400289	0.746426	77.189000
31.418239	0.758822	77.234000
31.436924	0.768372	77.280000
31.455990	0.782191	77.326000
31.474989	0.789499	77.372000
31.494064	0.796516	77.418000
31.513393	0.807997	77.464000
31.531755	0.818778	77.510000
31.550662	0.829579	77.555000
31.614711	0.843444	77.601000
31.633468	0.894433	77.757000
31.652176	0.910853	77.803000
31.671459	0.921452	77.849000
31.690702	0.931301	77.895000
31.708906	0.945433	77.940000
31.727368	0.963547	77.986000
31.746375	0.979429	78.032000
31.902261	1.067641	78.078000
31.921373	1.081612	78.455000
31.939946	1.092937	78.501000
31.958179	1.100084	78.546000
31.977046	1.098318	78.592000
31.995862	1.097233	78.638000
32.060355	1.104679	78.684000
32.079326	1.121405	78.839000
32.098256	1.118837	78.885000
32.116443	1.115137	78.931000
32.134904	1.124474	78.977000
32.153592	1.131207	79.022000
32.172311	1.137940	79.068000
32.191145	1.141821	79.114000
32.210982	1.142205	79.160000
32.275048	1.157525	79.205000
32.293012	1.161133	79.362000
32.311845	1.169830	79.407000
32.330930	1.176542	79.453000
32.349797	1.179899	79.499000
32.368449	1.187409	79.545000
32.387246	1.190160	79.591000
32.406378	1.189185	79.636000
32.424630	1.185284	79.682000
32.443574	1.182756	79.728000
32.598772	1.181806	79.774000
32.617873	1.187218	80.151000
32.636643	1.190089	80.196000
32.655084	1.193451	80.242000
32.719129	1.198301	80.288000
32.738019	1.205635	80.444000
32.757208	1.210842	80.489000
32.775983	1.213644	80.535000
32.794608	1.213200	80.581000
32.813278	1.210660	80.627000
32.831780	1.216549	80.673000
32.850797	1.221814	80.718000
32.869529	1.219875	80.764000
32.889037	1.221895	80.810000
32.908503	1.219375	80.856000
32.971596	1.218595	80.902000
32.990013	1.212531	81.057000
33.009003	1.215365	81.103000
33.027789	1.216741	81.149000
33.047124	1.224835	81.195000
33.066018	1.229400	81.240000
33.084842	1.228941	81.286000
33.102657	1.232484	81.332000
33.170901	1.254515	81.378000
33.189618	1.266113	81.543000
33.208316	1.274832	81.589000
33.227159	1.280744	81.634000
33.245938	1.290985	81.680000
33.264589	1.294327	81.726000
33.283902	1.293465	81.772000
33.302749	1.295159	81.817000
33.321720	1.299226	81.864000
33.340433	1.302688	81.909000
33.358977	1.307446	81.955000
33.423245	1.308539	82.001000
33.441727	1.303913	82.157000
33.460748	1.307405	82.203000
33.480256	1.312072	82.249000
33.499242	1.316139	82.294000
33.517202	1.324575	82.340000
33.535343	1.324555	82.386000
33.554371	1.326904	82.432000
33.623449	1.313065	82.477000
33.641770	1.310232	82.643000
33.660472	1.313176	82.688000
33.678946	1.322781	82.735000
33.697963	1.334364	82.780000
33.717433	1.337533	82.826000
33.736081	1.333875	82.872000
33.754413	1.328935	82.917000
33.772977	1.331244	82.963000
33.791697	1.335569	83.009000
33.810576	1.339314	83.055000
33.875144	1.340951	83.100000
33.894133	1.328088	83.256000
33.912689	1.331763	83.302000
33.931064	1.334314	83.348000
33.950080	1.334918	83.393000
33.969105	1.333784	83.439000
33.987691	1.330821	83.485000
34.006527	1.324545	83.531000
34.162355	1.309311	83.576000
34.180519	1.311401	83.955000
34.199239	1.313236	84.001000
34.218294	1.313447	84.047000
34.236662	1.308508	84.093000
34.256389	1.303349	84.138000
34.320657	1.300490	84.184000
34.339074	1.308470	84.339000
34.356900	1.307395	84.385000
34.376397	1.304033	84.431000
34.395079	1.303470	84.477000
34.414257	1.304543	84.523000
34.433143	1.310374	84.569000
34.451971	1.317202	84.614000
34.470262	1.320725	84.660000
34.534253	1.332347	84.706000
34.553477	1.340286	84.862000
34.572617	1.343350	84.908000
34.591303	1.349131	84.953000
34.610535	1.348870	84.999000
34.628687	1.350662	85.045000
34.647565	1.350396	85.091000
34.666501	1.354428	85.137000
34.685399	1.355491	85.183000
34.703854	1.359468	85.228000
34.859095	1.363495	85.274000
34.877735	1.380293	85.651000
34.896755	1.387682	85.697000
34.915925	1.389879	85.743000
34.980044	1.378106	85.788000
34.998903	1.380525	85.944000
35.017720	1.384402	85.990000
35.036475	1.387591	86.036000
35.054785	1.393136	86.081000
35.073651	1.390747	86.128000
35.092168	1.391820	86.173000
35.111100	1.396446	86.219000
35.130447	1.400963	86.265000
35.149164	1.400953	86.310000
35.167397	1.397339	86.356000
35.231270	1.396679	86.402000
35.249867	1.406582	86.557000
35.269441	1.409032	86.603000
35.288219	1.409333	86.649000
35.307209	1.411914	86.695000
35.325342	1.404596	86.740000
35.344328	1.394411	86.786000
35.363102	1.391074	86.832000
35.431335	1.395781	86.878000
35.449476	1.394208	87.043000
35.468708	1.388877	87.089000
35.487183	1.384632	87.135000
35.506433	1.384773	87.181000
35.525742	1.388796	87.227000
35.544555	1.393175	87.272000
35.563126	1.395201	87.318000
35.581305	1.396854	87.364000
35.600141	1.392882	87.409000
35.619008	1.389541	87.455000
35.684040	1.391074	87.501000
35.702657	1.411098	87.656000
35.721029	1.414590	87.702000
35.739807	1.419419	87.748000
35.758001	1.421631	87.794000
35.776269	1.426574	87.839000
35.795877	1.432606	87.885000
35.814813	1.438249	87.931000
35.882973	1.457025	87.977000
35.902389	1.458549	88.143000
35.920687	1.458448	88.189000
35.939773	1.461093	88.235000
35.959481	1.465136	88.281000
35.978113	1.470491	88.327000
35.995670	1.471016	88.372000
36.014736	1.474777	88.418000
36.033814	1.474938	88.464000
36.052331	1.473045	88.509000
36.071809	1.472294	88.555000
36.135935	1.473409	88.601000
36.154279	1.486233	88.756000
36.172720	1.490584	88.802000
36.191571	1.495122	88.848000
36.210323	1.495521	88.894000
36.229858	1.490887	88.940000
36.248709	1.489192	88.986000
36.267357	1.493441	89.031000
36.422240	1.519808	89.076000
36.441110	1.524805	89.456000
36.459459	1.528091	89.501000
36.479117	1.522912	89.547000
36.497642	1.522892	89.593000
36.516704	1.521075	89.639000
36.581061	1.522292	89.684000
36.599513	1.532502	89.840000
36.618337	1.536153	89.886000
36.637911	1.538131	89.932000
36.657235	1.539913	89.977000
36.676036	1.540584	90.023000
36.693850	1.540817	90.069000
36.712947	1.545530	90.115000
36.732098	1.547650	90.161000
36.795591	1.571402	90.207000
36.814442	1.576975	90.362000
36.833124	1.582148	90.408000
36.851672	1.582724	90.454000
36.870159	1.582825	90.499000
36.889698	1.586842	90.545000
36.908292	1.591657	90.591000
36.927208	1.601105	90.636000
36.946048	1.605638	90.682000
36.965011	1.615400	90.728000
37.118803	1.615218	90.774000
37.138411	1.631546	91.151000
37.156728	1.633029	91.197000
37.175964	1.637023	91.243000
37.240159	1.656609	91.289000
37.258734	1.658172	91.444000
37.277124	1.654963	91.490000
37.295515	1.656278	91.536000
37.315219	1.659710	91.582000
37.333855	1.663625	91.628000
37.352891	1.667219	91.674000
37.371788	1.667617	91.720000
37.390325	1.670782	91.766000
37.409126	1.675893	91.811000
37.427643	1.682555	91.857000
37.492299	1.690273	91.903000
37.511182	1.710019	92.059000
37.529806	1.715991	92.105000
37.548842	1.721714	92.151000
37.566990	1.732724	92.197000
37.586153	1.740280	92.242000
37.605135	1.745390	92.288000
37.623932	1.757576	92.334000
37.691451	1.782197	92.380000
37.709764	1.794142	92.543000
37.728646	1.802886	92.589000
37.747674	1.808879	92.635000
37.766322	1.815522	92.681000
37.785508	1.820622	92.727000
37.804440	1.824371	92.773000
37.822519	1.829014	92.818000
37.842047	1.834170	92.864000
37.860675	1.834180	92.910000
37.879561	1.834653	92.956000
37.944371	1.831670	93.002000
37.962815	1.839799	93.158000
37.981033	1.849254	93.203000
37.999527	1.860977	93.249000
38.018597	1.868219	93.295000
38.037690	1.870476	93.341000
38.056968	1.875140	93.387000
38.076434	1.883523	93.433000
38.142562	1.902521	93.479000
38.162101	1.909965	93.643000
38.181256	1.912559	93.689000
38.200249	1.912640	93.735000
38.218194	1.922311	93.781000
38.237041	1.938836	93.827000
38.256135	1.949804	93.873000
38.275382	1.962093	93.919000
38.294268	1.977408	93.965000
38.313442	1.995336	94.010000
38.332170	2.008187	94.056000
38.395301	2.022258	94.102000
38.413849	2.068139	94.257000
38.432973	2.074075	94.304000
38.451813	2.085890	94.349000
38.471176	2.101510	94.395000
38.490342	2.112230	94.441000
38.509040	2.137394	94.487000
38.528075	2.157097	94.533000
38.682428	2.259932	94.578000
38.701122	2.273831	94.956000
38.721042	2.288257	95.001000
38.739977	2.303594	95.048000
38.758057	2.319216	95.093000
38.777008	2.334454	95.139000
38.840519	2.349641	95.185000
38.859832	2.409453	95.341000
38.879332	2.425685	95.387000
38.898230	2.445096	95.433000
38.916543	2.466143	95.479000
38.935352	2.479650	95.525000
38.953854	2.495644	95.570000
38.972364	2.504506	95.616000
38.991223	2.511251	95.662000
39.055879	2.569911	95.708000
39.074784	2.581413	95.863000
39.093593	2.588700	95.909000
39.111880	2.598084	95.954000
39.130862	2.611586	96.001000
39.149629	2.625185	96.046000
39.168561	2.637552	96.092000
39.187965	2.651252	96.138000
39.206340	2.669190	96.184000
39.224661	2.688309	96.229000
39.379322	2.710381	96.275000
39.398450	2.887391	96.651000
39.417266	2.898147	96.697000
39.436410	2.912885	96.743000
39.499783	2.948312	96.789000
39.518761	2.964371	96.944000
39.537305	2.987066	96.990000
39.556552	3.013002	97.036000
39.575665	3.040313	97.082000
39.594458	3.056114	97.127000
39.613083	3.079701	97.173000
39.631351	3.091035	97.219000
39.650067	3.110516	97.265000
39.668727	3.132017	97.310000
39.687989	3.153541	97.357000
39.752392	3.176340	97.403000
39.771489	3.260282	97.559000
39.789806	3.277221	97.605000
39.808347	3.288058	97.651000
39.827478	3.289203	97.696000
39.846387	3.291757	97.742000
39.865677	3.299262	97.788000
39.884709	3.315530	97.834000
39.951428	3.387392	97.879000
39.970840	3.412497	98.043000
39.989880	3.441003	98.090000
40.008136	3.469972	98.135000
40.026991	3.500594	98.181000
40.045877	3.533335	98.227000
40.064651	3.563408	98.272000
40.083034	3.580020	98.318000
40.101885	3.582581	98.364000
40.121063	3.578404	98.410000
40.139765	3.579139	98.455000
40.203142	3.580894	98.501000
40.221982	3.648692	98.657000
40.240407	3.675921	98.702000
40.260088	3.703739	98.748000
40.279031	3.719990	98.794000
40.297664	3.721938	98.840000
40.316550	3.721651	98.885000
40.334963	3.726265	98.931000
40.404418	3.767657	98.976000
40.423365	3.789698	99.144000
40.441702	3.819455	99.189000
40.459504	3.853425	99.235000
40.478790	3.887631	99.281000
40.497599	3.921015	99.327000
40.516788	3.947793	99.372000
40.536024	3.967948	99.418000
40.554748	3.978548	99.464000
40.572712	3.990755	99.510000
40.591717	4.005411	99.556000
40.656358	4.027199	99.601000
40.675137	4.125657	99.758000
40.694153	4.168479	99.804000
40.713369	4.213692	99.850000
40.731721	4.247295	99.895000
40.750358	4.260746	99.941000
40.769171	4.264219	99.986000
40.787469	4.273170	100.032000
40.944315	4.470079	100.078000
40.962283	4.487810	100.456000
40.980700	4.505592	100.502000
40.999490	4.536815	100.548000
41.018149	4.563834	100.594000
41.036351	4.585517	100.639000
41.101273	4.608406	100.685000
41.119905	4.724405	100.841000
41.139014	4.750125	100.887000
41.157116	4.762668	100.933000
41.175629	4.782193	100.979000
41.194650	4.804615	101.025000
41.213858	4.841514	101.070000
41.232917	4.876028	101.116000
41.252053	4.904526	101.162000
41.315760	4.943190	101.208000
41.333889	4.947419	101.363000
41.353221	4.952941	101.409000
41.372087	4.969385	101.455000
41.390497	4.996717	101.501000
41.410021	5.028136	101.547000
41.429379	5.051268	101.592000
41.447766	5.069821	101.639000
41.466725	5.092181	101.684000
41.485514	5.119419	101.731000
41.639752	5.164730	101.777000
41.658953	5.359480	102.152000
41.677297	5.379684	102.197000
41.695688	5.409510	102.243000
41.759944	5.526068	102.289000
41.779053	5.561153	102.445000
41.797889	5.613787	102.491000
41.817113	5.662990	102.537000
41.835607	5.698131	102.583000
41.854386	5.734948	102.628000
41.872926	5.775929	102.674000
41.891816	5.811359	102.720000
41.910817	5.854874	102.766000
41.930271	5.901567	102.811000
41.948977	5.944786	102.857000
42.012177	5.985066	102.903000
42.031363	6.108415	103.059000
42.049688	6.138272	103.105000
42.069004	6.167142	103.151000
42.087978	6.195117	103.197000
42.106868	6.226193	103.243000
42.125915	6.270270	103.288000
42.144186	6.322865	103.334000
42.212339	6.413883	103.380000
42.230829	6.424562	103.544000
42.249573	6.454224	103.590000
42.268436	6.499714	103.635000
42.286968	6.532878	103.681000
42.306096	6.561604	103.727000
42.324994	6.591376	103.773000
42.343979	6.627232	103.818000
42.363215	6.672172	103.865000
42.381455	6.721138	103.910000
42.399873	6.770257	103.956000
42.463799	6.817942	104.002000
42.482735	6.996008	104.158000
42.502166	7.056823	104.204000
42.520841	7.114529	104.250000
42.539662	7.168581	104.296000
42.558329	7.221886	104.341000
42.576938	7.279516	104.387000
42.596104	7.339492	104.433000
42.664203	7.556608	104.478000
42.682897	7.615051	104.644000
42.701652	7.672988	104.690000
42.720519	7.737858	104.736000
42.739224	7.800113	104.782000
42.758848	7.862421	104.827000
42.777330	8.316701	104.873000
42.796035	7.984159	104.919000
42.814176	7.935509	104.965000
42.833442	7.949318	105.011000
42.852140	7.964289	105.056000
42.916328	7.996030	105.102000
42.935659	8.140064	105.258000
42.954384	8.178279	105.304000
42.972770	8.226994	105.350000
42.991487	8.283976	105.396000
43.010358	8.337840	105.441000
43.028767	8.391811	105.487000
43.047938	8.449134	105.533000
43.203128	8.982861	105.579000
43.221976	9.040286	105.956000
43.240370	9.080943	106.002000
43.259448	9.106542	106.048000
43.278176	9.127357	106.094000
43.298019	9.165338	106.139000
43.362014	9.227683	106.185000
43.380124	9.379885	106.341000
43.398564	9.426314	106.387000
43.417904	9.489450	106.433000
43.436582	9.569320	106.479000
43.455887	9.653809	106.525000
43.475480	9.720452	106.571000
43.494004	9.761159	106.616000
43.512114	9.797237	106.662000
43.575714	10.005928	106.708000
43.595161	10.089633	106.864000
43.613793	10.174823	106.910000
43.633190	10.257299	106.955000
43.652015	10.328365	107.001000
43.670613	10.382404	107.047000
43.689084	10.430904	107.093000
43.707916	10.478866	107.138000
43.726037	10.527444	107.184000
43.745376	10.576763	107.230000
43.899929	10.636130	107.276000
43.918408	10.991463	107.651000
43.937547	11.039190	107.697000
43.956295	11.109173	107.744000
44.021347	11.390408	107.789000
44.039680	11.461350	107.945000
44.058420	11.533439	107.991000
44.076745	11.611867	108.037000
44.095807	11.694125	108.083000
44.114912	11.783785	108.128000
44.133621	11.871225	108.174000
44.152968	11.940777	108.220000
44.172004	11.992780	108.266000
44.191382	12.030313	108.312000
44.208766	12.058668	108.358000
44.272972	12.087256	108.404000
44.291935	12.317967	108.559000
44.310837	12.373276	108.605000
44.330249	12.420059	108.651000
44.349000	12.475536	108.697000
44.367663	12.537396	108.743000
44.386084	12.609564	108.789000
44.405355	12.685632	108.834000
44.471855	12.931275	108.881000
44.490480	13.006317	109.044000
44.509342	13.088645	109.090000
44.528655	13.174469	109.136000
44.547437	13.262739	109.182000
44.566557	13.351386	109.227000
44.585724	13.439654	109.273000
44.604237	13.532943	109.319000
44.622704	13.631745	109.365000
44.641579	13.732268	109.411000
44.660764	13.829517	109.457000
44.725347	13.902341	109.502000
44.744383	14.049181	109.658000
44.762781	14.114327	109.704000
44.781302	14.203167	109.750000
44.799281	14.308288	109.795000
44.818271	14.424807	109.841000
44.837096	14.549017	109.887000
44.856297	14.672158	109.932000
44.923857	15.116460	109.978000
44.943074	15.242589	110.144000
44.962067	15.365274	110.190000
44.981487	15.480094	110.236000
45.000407	15.596150	110.281000
45.018229	15.708639	110.327000
45.036570	15.816579	110.373000
45.055628	15.918905	110.419000
45.074219	16.022251	110.464000
45.092674	16.113092	110.510000
45.112125	16.147115	110.556000
45.176266	16.138903	110.602000
45.194983	16.253124	110.758000
45.213293	16.300493	110.804000
45.232536	16.346700	110.850000
45.250977	16.383383	110.895000
45.269832	16.422866	110.941000
45.289033	16.464631	110.987000
45.307673	16.514326	111.033000
45.462179	17.243784	111.078000
45.481392	17.338646	111.456000
45.500159	17.454739	111.502000
45.519767	17.584804	111.548000
45.538549	17.704765	111.594000
45.556816	17.803901	111.639000
45.620071	17.890755	111.685000
45.639291	18.239098	111.841000
45.658188	18.394515	111.887000
45.677435	18.558522	111.932000
45.696271	18.720670	111.978000
45.715238	18.867260	112.024000
45.733590	18.997724	112.070000
45.752456	19.124258	112.116000
45.770639	19.262464	112.161000
45.835338	19.763938	112.207000
45.853959	19.912137	112.363000
45.873279	20.053455	112.408000
45.891646	20.184903	112.454000
