Sample	2mm tape 
date	08/01/2026
	
Temperature (K)	77.00
Angle (deg.)	90.000000
field / T	0.100000
	
		
Approx. trace time (s)	90.0	
		
Current / A	V1  -sample/ uV	time/s
-0.018359	-0.021847	0.000000
-0.019058	-0.037093	0.104000
-0.019476	-0.040787	0.150000
-0.018412	-0.042133	0.196000
-0.018239	-0.037703	0.242000
-0.018711	-0.032304	0.287000
-0.019004	-0.029230	0.333000
-0.018831	-0.029119	0.379000
-0.018908	-0.040539	0.425000
-0.018573	-0.044213	0.603000
-0.018311	-0.047958	0.649000
-0.018801	-0.050307	0.695000
-0.013778	-0.047958	0.741000
0.017631	-0.045286	0.787000
0.048555	-0.042006	0.832000
0.077223	-0.042036	0.878000
0.106173	-0.044486	0.924000
0.135811	-0.050715	0.970000
0.165362	-0.059379	1.016000
0.406830	-0.062730	1.061000
0.436579	-0.047796	1.429000
0.466522	-0.043221	1.474000
0.496456	-0.039843	1.520000
0.598947	-0.029295	1.566000
0.628264	-0.026589	1.722000
0.658046	-0.025924	1.768000
0.687537	-0.029069	1.813000
0.718951	-0.029578	1.859000
0.748995	-0.032551	1.905000
0.777890	-0.033665	1.951000
0.808067	-0.033131	1.996000
0.837004	-0.029637	2.042000
0.867085	-0.024608	2.088000
0.980493	-0.022672	2.133000
1.011073	-0.032086	2.304000
1.040443	-0.034345	2.350000
1.069643	-0.034526	2.396000
1.099052	-0.029028	2.441000
1.129043	-0.021841	2.487000
1.159219	-0.016186	2.532000
1.189985	-0.014765	2.578000
1.306839	-0.004025	2.624000
1.337400	0.003496	2.803000
1.367189	0.013697	2.849000
1.397060	0.022264	2.895000
1.426820	0.028590	2.940000
1.455765	0.033740	2.986000
1.486043	0.042349	3.032000
1.516284	0.051345	3.077000
1.546331	0.061774	3.123000
1.576783	0.074934	3.168000
1.606663	0.091324	3.214000
1.708104	0.106550	3.260000
1.737754	0.147711	3.415000
1.767396	0.152577	3.461000
1.798746	0.157312	3.507000
1.828080	0.163646	3.553000
1.858641	0.174624	3.599000
1.888622	0.187631	3.644000
1.918153	0.201340	3.690000
2.029211	0.268734	3.735000
2.059070	0.284329	3.904000
2.088777	0.300426	3.949000
2.118240	0.312560	3.995000
2.147906	0.316017	4.040000
2.178573	0.320428	4.086000
2.208662	0.328398	4.132000
2.238474	0.337074	4.177000
2.268473	0.342183	4.223000
2.298402	0.343247	4.269000
2.327742	0.342567	4.314000
2.429590	0.343692	4.360000
2.459763	0.356350	4.516000
2.489587	0.354364	4.561000
2.520117	0.349897	4.606000
2.549329	0.344876	4.652000
2.578376	0.337094	4.698000
2.608430	0.331285	4.744000
2.638439	0.324769	4.790000
2.889171	0.248246	4.835000
2.919130	0.240285	5.215000
2.948738	0.235601	5.261000
2.978104	0.232856	5.307000
3.008585	0.233819	5.353000
3.037738	0.236252	5.398000
3.142655	0.241901	5.444000
3.173419	0.258325	5.605000
3.203632	0.256539	5.650000
3.233559	0.254065	5.696000
3.263963	0.255933	5.741000
3.292524	0.257685	5.787000
3.322679	0.258285	5.833000
3.352747	0.258099	5.879000
3.469946	0.246207	5.924000
3.499399	0.243410	6.103000
3.529965	0.241931	6.149000
3.560090	0.242305	6.195000
3.590648	0.238816	6.241000
3.620798	0.235227	6.286000
3.649794	0.231700	6.332000
3.680186	0.229398	6.378000
3.709932	0.225637	6.423000
3.740368	0.222008	6.469000
3.770939	0.219333	6.515000
4.011626	0.219009	6.561000
4.042139	0.237034	6.929000
4.072377	0.240734	6.975000
4.100911	0.243875	7.021000
4.203527	0.243420	7.066000
4.233706	0.247498	7.222000
4.264211	0.250709	7.268000
4.294971	0.256225	7.314000
4.324708	0.259531	7.359000
4.354043	0.262813	7.405000
4.383845	0.266108	7.450000
4.413911	0.268643	7.496000
4.442826	0.273397	7.542000
4.473745	0.278091	7.588000
4.586057	0.282421	7.633000
4.616072	0.283385	7.805000
4.645785	0.282633	7.850000
4.675900	0.285117	7.896000
4.706519	0.289428	7.942000
4.736495	0.292601	7.988000
4.767317	0.297170	8.034000
4.797230	0.301683	8.079000
4.913824	0.325678	8.125000
4.944108	0.330892	8.304000
4.974052	0.333446	8.350000
5.003692	0.332840	8.395000
5.033300	0.329817	8.441000
5.063459	0.326794	8.487000
5.093651	0.328297	8.533000
5.124091	0.329938	8.579000
5.153821	0.332694	8.625000
5.184096	0.337055	8.670000
5.213411	0.342975	8.716000
5.316102	0.348970	8.762000
5.346358	0.362780	8.918000
5.376767	0.372296	8.964000
5.407233	0.378764	9.010000
5.437351	0.380749	9.056000
5.467103	0.382861	9.102000
5.495942	0.385840	9.148000
5.526035	0.391641	9.193000
5.635626	0.432813	9.239000
5.665267	0.439376	9.404000
5.695248	0.449620	9.450000
5.724814	0.462089	9.496000
5.755351	0.474034	9.541000
5.785642	0.483319	9.587000
5.816461	0.493005	9.633000
5.846037	0.499200	9.679000
5.875773	0.503445	9.725000
5.905164	0.510772	9.771000
5.935187	0.517244	9.816000
6.037598	0.526513	9.862000
6.068385	0.560347	10.018000
6.098320	0.562666	10.064000
6.127936	0.557766	10.110000
6.157612	0.558527	10.155000
6.187217	0.559515	10.201000
6.217033	0.559454	10.247000
6.247700	0.559214	10.293000
6.495793	0.590124	10.339000
6.525123	0.591910	10.716000
6.555268	0.594829	10.762000
6.585267	0.599624	10.808000
6.615911	0.610259	10.854000
6.646608	0.619919	10.900000
6.751128	0.628721	10.946000
6.781092	0.627177	11.105000
6.811070	0.630533	11.151000
6.840488	0.636171	11.197000
6.870356	0.640572	11.242000
6.899727	0.643591	11.288000
6.930205	0.645499	11.334000
6.960786	0.647139	11.379000
7.077306	0.663080	11.425000
7.108174	0.666466	11.604000
7.138031	0.668354	11.650000
7.168374	0.661329	11.696000
7.197878	0.652375	11.742000
7.227575	0.652773	11.787000
7.256748	0.656533	11.833000
7.287465	0.659596	11.879000
7.317670	0.660475	11.925000
7.348572	0.661359	11.971000
7.378092	0.656776	12.016000
7.619183	0.654161	12.062000
7.649166	0.653878	12.430000
7.678923	0.655862	12.476000
7.709252	0.656564	12.522000
7.811301	0.654937	12.568000
7.841681	0.657704	12.724000
7.871873	0.659631	12.769000
7.901370	0.663251	12.815000
7.930943	0.665063	12.861000
7.959629	0.667021	12.906000
7.989749	0.674917	12.952000
8.020459	0.684042	12.998000
8.050751	0.689599	13.044000
8.080569	0.694162	13.089000
8.191301	0.694273	13.135000
8.221308	0.704938	13.305000
8.251426	0.704348	13.351000
8.282194	0.701083	13.396000
8.312235	0.697332	13.442000
8.342101	0.697932	13.488000
8.371762	0.698286	13.534000
8.401975	0.696534	13.580000
8.519719	0.663216	13.626000
8.548850	0.654262	13.804000
8.578566	0.651961	13.850000
8.608312	0.649639	13.896000
8.639369	0.644763	13.942000
8.669213	0.638378	13.987000
8.699749	0.628869	14.033000
8.729469	0.622348	14.079000
8.759148	0.621964	14.124000
8.788806	0.629913	14.171000
8.818703	0.634361	14.217000
8.921687	0.633795	14.262000
8.951995	0.619793	14.418000
8.982126	0.622999	14.464000
9.011423	0.625795	14.510000
9.041180	0.625229	14.556000
9.071515	0.621121	14.602000
9.101236	0.613802	14.647000
9.131203	0.608442	14.693000
9.238763	0.589959	14.739000
9.268972	0.587081	14.904000
9.299095	0.591629	14.950000
9.329925	0.597479	14.996000
9.360162	0.601739	15.041000
9.390233	0.608603	15.087000
9.419994	0.612020	15.133000
9.449292	0.614176	15.179000
9.479597	0.618668	15.225000
9.509570	0.624235	15.271000
9.539883	0.629666	15.316000
9.642546	0.637302	15.362000
9.672461	0.681029	15.518000
9.702137	0.694460	15.564000
9.731414	0.704964	15.610000
9.761363	0.713035	15.656000
9.792181	0.723331	15.702000
9.822391	0.732528	15.747000
9.851992	0.739392	15.793000
10.098919	0.756799	15.839000
10.129221	0.755519	16.216000
10.158960	0.750370	16.262000
10.188786	0.744884	16.308000
10.219925	0.737030	16.354000
10.249919	0.729292	16.400000
10.354566	0.723452	16.446000
10.384145	0.721090	16.605000
10.413698	0.716845	16.651000
10.443608	0.714998	16.696000
10.473592	0.709607	16.742000
10.504184	0.703515	16.788000
10.534617	0.696242	16.833000
10.564261	0.690821	16.879000
10.681713	0.677002	16.925000
10.711727	0.671792	17.104000
10.741262	0.665261	17.150000
10.770832	0.657018	17.196000
10.801241	0.649134	17.242000
10.830903	0.640311	17.287000
10.861476	0.633451	17.333000
10.891916	0.626294	17.379000
10.922241	0.619062	17.425000
10.951476	0.614287	17.471000
10.980645	0.611087	17.517000
11.221602	0.606130	17.562000
11.251644	0.544002	17.931000
11.282229	0.538872	17.977000
11.312362	0.534487	18.022000
11.415250	0.532495	18.068000
11.445507	0.530268	18.224000
11.474577	0.525364	18.270000
11.504284	0.518394	18.316000
11.534392	0.506832	18.362000
11.564519	0.492255	18.408000
11.594595	0.479070	18.453000
11.625348	0.467544	18.499000
11.655561	0.455579	18.545000
11.685079	0.439875	18.591000
11.795183	0.423570	18.637000
11.825533	0.381616	18.805000
11.856130	0.374550	18.851000
11.886152	0.365109	18.897000
11.915889	0.355166	18.943000
11.945054	0.344026	18.988000
11.974964	0.332829	19.034000
12.005153	0.319222	19.080000
12.122067	0.302017	19.126000
12.152602	0.299800	19.304000
12.182692	0.294303	19.350000
12.213689	0.285067	19.396000
12.243765	0.275891	19.442000
12.274015	0.271217	19.488000
12.303015	0.273428	19.533000
12.332478	0.279737	19.579000
12.363213	0.284083	19.625000
12.392967	0.288938	19.671000
12.423167	0.292214	19.717000
12.526132	0.295227	19.763000
12.555601	0.316527	19.918000
12.585171	0.315684	19.964000
12.614882	0.313858	20.010000
12.645520	0.312167	20.056000
12.675428	0.309743	20.102000
12.706225	0.310344	20.148000
12.736046	0.310057	20.193000
12.843420	0.323296	20.239000
12.874280	0.326970	20.404000
12.904117	0.324820	20.450000
12.934242	0.322881	20.496000
12.964182	0.328399	20.542000
12.993756	0.327566	20.588000
13.024158	0.319809	20.634000
13.053916	0.314215	20.680000
13.084175	0.316139	20.726000
13.114972	0.322235	20.771000
13.145103	0.321615	20.817000
13.245468	0.314872	20.863000
13.275752	0.344036	21.019000
13.305795	0.342965	21.064000
13.336611	0.333678	21.110000
13.366655	0.332199	21.156000
13.397332	0.340128	21.202000
13.427011	0.345659	21.248000
13.456493	0.345200	21.294000
13.703402	0.378481	21.340000
13.734184	0.390214	21.717000
13.764454	0.396781	21.762000
13.794712	0.403908	21.808000
13.823761	0.416594	21.854000
13.853862	0.430197	21.900000
13.957947	0.438377	21.946000
13.987790	0.476449	22.105000
14.017866	0.481358	22.151000
14.049060	0.486998	22.197000
14.079221	0.496333	22.243000
14.109389	0.505889	22.288000
14.138998	0.511508	22.334000
14.168368	0.508958	22.380000
14.286115	0.501473	22.426000
14.315342	0.495501	22.604000
14.345643	0.487250	22.650000
14.376035	0.481227	22.696000
14.405880	0.478142	22.742000
14.436599	0.473455	22.788000
14.466734	0.465114	22.833000
14.496483	0.457417	22.879000
14.525418	0.451903	22.925000
14.555657	0.445746	22.971000
14.585637	0.439813	23.017000
14.827150	0.434634	23.063000
14.857086	0.419845	23.431000
14.887423	0.413973	23.477000
14.918075	0.409690	23.523000
15.018574	0.416605	23.568000
15.048471	0.417698	23.724000
15.079324	0.419966	23.770000
15.108989	0.424306	23.816000
15.139488	0.425199	23.862000
15.169901	0.425642	23.908000
15.200400	0.428348	23.954000
15.229236	0.434290	23.999000
15.258925	0.439200	24.045000
15.289017	0.441518	24.091000
15.400274	0.440101	24.137000
15.430555	0.450312	24.305000
15.459835	0.448847	24.351000
15.489673	0.450443	24.397000
15.519374	0.454778	24.443000
15.550212	0.455498	24.489000
15.579949	0.454919	24.535000
15.610507	0.456244	24.580000
15.726774	0.480361	24.626000
15.757208	0.485159	24.805000
15.787734	0.494175	24.850000
15.817498	0.503238	24.896000
15.847390	0.509805	24.942000
15.876977	0.512583	24.988000
15.907137	0.516861	25.034000
15.937231	0.519931	25.080000
15.968468	0.518474	25.125000
15.998794	0.515727	25.171000
16.028504	0.513898	25.217000
16.129785	0.514739	25.263000
16.159363	0.521866	25.419000
16.188913	0.523927	25.464000
16.219950	0.527129	25.510000
16.250198	0.535569	25.556000
16.280210	0.544264	25.602000
16.310615	0.548388	25.648000
16.340172	0.550797	25.694000
16.448967	0.580565	25.740000
16.478683	0.583038	25.905000
16.507815	0.584875	25.950000
16.537796	0.587692	25.996000
16.567950	0.591341	26.041000
16.597692	0.589539	26.088000
16.628549	0.589973	26.134000
16.658705	0.598781	26.179000
16.688831	0.608749	26.225000
16.718737	0.613096	26.271000
16.747602	0.611778	26.317000
16.850584	0.610036	26.363000
16.881071	0.625769	26.519000
16.911882	0.625901	26.564000
16.941803	0.628343	26.610000
16.972080	0.630393	26.656000
17.001235	0.628495	26.702000
17.030882	0.624543	26.748000
17.060678	0.626390	26.794000
17.309128	0.642159	26.840000
17.338938	0.637454	27.217000
17.368658	0.633613	27.263000
17.397855	0.630883	27.309000
17.427997	0.631443	27.354000
17.458049	0.632009	27.400000
17.562688	0.631261	27.446000
17.592955	0.604617	27.605000
17.623180	0.601366	27.651000
17.653603	0.601028	27.697000
17.683334	0.601467	27.743000
17.712604	0.603330	27.789000
17.743007	0.609038	27.835000
17.773296	0.612798	27.881000
17.890161	0.635122	27.926000
17.920107	0.639483	28.105000
17.950178	0.639372	28.150000
17.980883	0.633866	28.196000
18.011460	0.627955	28.242000
18.040563	0.624599	28.288000
18.070568	0.623776	28.334000
18.100244	0.622570	28.380000
18.130788	0.621031	28.425000
18.160478	0.620057	28.471000
18.190955	0.616937	28.517000
18.432346	0.614076	28.563000
18.462421	0.572399	28.931000
18.492886	0.559757	28.977000
18.521681	0.549774	29.023000
18.624008	0.518837	29.068000
18.653871	0.512925	29.225000
18.684573	0.510939	29.270000
18.714388	0.508947	29.316000
18.744628	0.508792	29.362000
18.774123	0.509613	29.408000
18.803966	0.511549	29.454000
18.833488	0.514069	29.499000
18.864294	0.517002	29.545000
18.894615	0.515898	29.591000
19.005197	0.513016	29.637000
19.034496	0.506070	29.805000
19.064900	0.504129	29.851000
19.094971	0.506993	29.897000
19.125445	0.513016	29.943000
19.155630	0.516216	29.989000
19.186053	0.522168	30.035000
19.215636	0.531054	30.080000
19.332382	0.539324	30.126000
19.362373	0.533810	30.304000
19.392305	0.531947	30.350000
19.422035	0.533372	30.396000
19.451988	0.537158	30.442000
19.481954	0.539955	30.488000
19.512365	0.541784	30.534000
19.542861	0.544985	30.580000
19.572600	0.544925	30.625000
19.602461	0.537940	30.671000
19.631726	0.532289	30.717000
19.733994	0.530520	30.763000
19.764680	0.518393	30.919000
19.794744	0.515112	30.964000
19.825162	0.514623	31.010000
19.855424	0.512602	31.057000
19.885464	0.506262	31.102000
19.915136	0.502995	31.148000
19.944707	0.501760	31.194000
20.053394	0.501680	31.239000
20.083244	0.502919	31.405000
20.113227	0.503726	31.451000
20.143288	0.504144	31.496000
20.173551	0.506503	31.542000
20.203609	0.510812	31.587000
20.233801	0.513191	31.633000
20.263444	0.512869	31.679000
20.292628	0.512037	31.725000
20.322651	0.512687	31.770000
20.353002	0.515988	31.816000
20.455851	0.519194	31.862000
20.485652	0.516724	32.018000
20.515156	0.515944	32.064000
20.544691	0.512279	32.109000
20.574755	0.510693	32.155000
20.605141	0.515772	32.201000
20.635402	0.526432	32.247000
20.666340	0.539521	32.292000
20.913910	0.618345	32.339000
20.943977	0.628308	32.717000
20.973668	0.636480	32.763000
21.003538	0.644944	32.809000
21.034323	0.653726	32.855000
21.064688	0.660515	32.900000
21.169097	0.662979	32.947000
21.199053	0.694864	33.106000
21.228215	0.703535	33.152000
21.257693	0.707861	33.197000
21.287950	0.709098	33.243000
21.318185	0.711510	33.288000
21.347998	0.715720	33.335000
21.378619	0.719944	33.380000
21.495436	0.739244	33.426000
21.525932	0.741758	33.605000
21.555888	0.742702	33.650000
21.585698	0.748396	33.696000
21.615146	0.759317	33.742000
21.644534	0.769706	33.787000
21.674820	0.779371	33.833000
21.704880	0.787452	33.879000
21.735078	0.793575	33.924000
21.765446	0.798912	33.970000
21.794763	0.800117	34.016000
22.035220	0.803519	34.061000
22.065481	0.822773	34.429000
22.095558	0.822061	34.475000
22.125916	0.821325	34.520000
22.228446	0.819004	34.566000
22.258607	0.814589	34.722000
22.287933	0.813102	34.768000
22.317708	0.813364	34.814000
22.347762	0.814589	34.860000
22.377789	0.814529	34.906000
22.408298	0.813615	34.952000
22.438565	0.813766	34.997000
22.468828	0.814407	35.043000
22.498573	0.812440	35.089000
22.609386	0.808000	35.135000
22.639075	0.813072	35.305000
22.669705	0.811988	35.352000
22.700214	0.811216	35.397000
22.730621	0.810410	35.443000
22.760577	0.811236	35.489000
22.789830	0.808917	35.535000
22.819645	0.805935	35.581000
22.936901	0.796200	35.626000
22.966499	0.791286	35.805000
22.996801	0.789346	35.851000
23.026782	0.790288	35.897000
23.057423	0.792950	35.942000
23.087806	0.791896	35.988000
23.117368	0.786530	36.034000
23.147456	0.777904	36.080000
23.177197	0.770912	36.126000
23.206797	0.767031	36.172000
23.236650	0.765916	36.218000
23.339614	0.764092	36.263000
23.369593	0.752898	36.419000
23.399374	0.746543	36.464000
23.429502	0.741465	36.510000
23.459084	0.734854	36.556000
23.489145	0.730952	36.602000
23.519898	0.730594	36.648000
23.550152	0.734702	36.693000
23.657993	0.758637	36.739000
23.687595	0.764709	36.905000
23.718237	0.768651	36.951000
23.748514	0.775778	36.996000
23.778631	0.782511	37.043000
23.807920	0.787890	37.088000
23.838183	0.786369	37.134000
23.867479	0.780101	37.180000
23.897784	0.771877	37.226000
23.928055	0.763694	37.271000
23.958589	0.756946	37.317000
24.060883	0.756845	37.363000
24.090387	0.744464	37.519000
24.120404	0.746523	37.564000
24.150116	0.751086	37.611000
24.180464	0.754105	37.656000
24.210858	0.753610	37.702000
24.241029	0.752423	37.748000
24.270637	0.753782	37.794000
24.517706	0.759026	37.840000
24.548271	0.755594	38.217000
24.579015	0.751142	38.263000
24.609209	0.743814	38.309000
24.638930	0.741295	38.355000
24.668636	0.735183	38.401000
24.773108	0.727082	38.446000
24.802277	0.690009	38.606000
24.832332	0.686339	38.652000
24.862329	0.679985	38.697000
24.893084	0.675280	38.743000
24.923783	0.674721	38.789000
24.953900	0.674751	38.835000
24.983230	0.677224	38.880000
25.100742	0.682351	38.927000
25.130447	0.680716	39.105000
25.159928	0.680150	39.151000
25.189613	0.679318	39.197000
25.219557	0.678661	39.242000
25.249607	0.679989	39.288000
25.280466	0.678964	39.334000
25.310789	0.676501	39.380000
25.340933	0.676183	39.426000
25.370449	0.681397	39.471000
25.400562	0.687762	39.517000
25.641592	0.694414	39.563000
25.671001	0.739406	39.931000
25.701681	0.746684	39.977000
25.732019	0.753569	40.023000
25.834681	0.768617	40.069000
25.864246	0.773421	40.225000
25.894053	0.783317	40.271000
25.923998	0.795335	40.317000
25.954052	0.803656	40.362000
25.984480	0.811317	40.408000
26.015101	0.818751	40.454000
26.045145	0.822057	40.500000
26.074876	0.826886	40.546000
26.105189	0.838368	40.592000
26.215145	0.847459	40.638000
26.245518	0.874313	40.806000
26.275514	0.884479	40.852000
26.305771	0.896545	40.898000
26.335683	0.907475	40.944000
26.364996	0.916731	40.990000
26.395026	0.928333	41.035000
26.425316	0.937798	41.081000
26.541638	0.972771	41.127000
26.572042	0.981986	41.305000
26.602699	0.994448	41.351000
26.632950	1.003698	41.397000
26.663169	1.013036	41.443000
26.692459	1.020834	41.488000
26.721952	1.024998	41.534000
26.751708	1.026083	41.580000
26.782055	1.027481	41.626000
26.812643	1.031953	41.671000
26.842816	1.038616	41.717000
26.944021	1.045163	41.763000
26.973228	1.058190	41.918000
27.003752	1.057351	41.964000
27.033625	1.055191	42.010000
27.064286	1.055171	42.056000
27.093583	1.058190	42.101000
27.123714	1.064842	42.147000
27.153760	1.071045	42.193000
27.263332	1.089881	42.239000
27.293762	1.088227	42.405000
27.323778	1.087509	42.451000
27.353609	1.089423	42.497000
27.383098	1.093480	42.543000
27.412719	1.094767	42.588000
27.442445	1.094990	42.634000
27.473094	1.092809	42.680000
27.503517	1.091815	42.726000
27.533755	1.089750	42.772000
27.563202	1.091108	42.817000
27.664958	1.091249	42.863000
27.695369	1.083290	43.019000
27.725478	1.077198	43.065000
27.755901	1.068349	43.111000
27.785941	1.061707	43.157000
27.815959	1.054672	43.203000
27.845953	1.046257	43.249000
27.875319	1.036333	43.294000
28.123491	0.948230	43.340000
28.154298	0.942843	43.717000
28.184129	0.940181	43.764000
28.213748	0.937182	43.809000
28.243675	0.934833	43.855000
28.273226	0.932778	43.901000
28.377343	0.930888	43.947000
28.407583	0.910853	44.106000
28.438053	0.908998	44.152000
28.468685	0.911125	44.198000
28.498238	0.912939	44.244000
28.528540	0.911014	44.290000
28.558079	0.907894	44.335000
28.588242	0.907037	44.381000
28.705449	0.911039	44.427000
28.734508	0.918267	44.605000
28.764748	0.925545	44.651000
28.795111	0.926416	44.697000
28.825716	0.920898	44.743000
28.855720	0.920415	44.789000
28.885713	0.924506	44.835000
28.915240	0.930448	44.880000
28.944979	0.932888	44.926000
28.974756	0.933322	44.972000
29.004570	0.936094	45.018000
29.246441	0.942414	45.064000
29.277632	0.996298	45.432000
29.307926	1.004187	45.478000
29.337909	1.011799	45.523000
29.439012	1.015988	45.569000
29.469096	1.022494	45.725000
29.499323	1.023893	45.771000
29.529354	1.021126	45.817000
29.560193	1.021460	45.863000
29.590476	1.026895	45.908000
29.620582	1.037318	45.954000
29.649723	1.042669	46.000000
29.679333	1.043198	46.046000
29.709658	1.044263	46.092000
29.820494	1.049038	46.138000
29.850941	1.065765	46.306000
29.880569	1.070792	46.352000
29.909937	1.075658	46.398000
29.939833	1.081932	46.444000
29.970296	1.089200	46.490000
30.000586	1.097039	46.536000
30.030742	1.104440	46.581000
30.146783	1.112702	46.627000
30.178045	1.111819	46.805000
30.207711	1.109426	46.851000
30.237444	1.106256	46.897000
30.266724	1.103844	46.943000
30.297603	1.102596	46.989000
30.327310	1.098781	47.035000
30.357461	1.093470	47.081000
30.388495	1.087327	47.127000
30.418422	1.078020	47.173000
30.448065	1.068804	47.218000
30.548906	1.055756	47.264000
30.579415	1.009865	47.420000
30.609515	1.001775	47.465000
30.639951	0.995042	47.511000
30.670278	0.991651	47.557000
30.699980	0.987074	47.603000
30.729544	0.982907	47.649000
30.759564	0.979324	47.694000
30.868632	0.964706	47.740000
30.898275	0.965543	47.906000
30.927922	0.963103	47.951000
30.957438	0.962191	47.997000
30.988008	0.960645	48.043000
31.018387	0.962323	48.089000
31.049307	0.965241	48.135000
31.078961	0.970749	48.181000
31.108928	0.978047	48.226000
31.138345	0.987452	48.272000
31.167884	0.999422	48.318000
31.270147	1.005868	48.364000
31.300527	1.023397	48.520000
31.330815	1.033200	48.566000
31.361147	1.039639	48.611000
31.391115	1.042042	48.657000
31.420091	1.047099	48.703000
31.450145	1.054540	48.749000
31.480064	1.060127	48.794000
31.728851	1.145277	48.840000
31.758582	1.155544	49.218000
31.787816	1.166719	49.264000
31.817643	1.175668	49.309000
31.847760	1.183769	49.355000
31.878194	1.190300	49.401000
31.983636	1.200526	49.446000
32.013577	1.225967	49.606000
32.044097	1.234420	49.652000
32.074337	1.242101	49.698000
32.103396	1.248255	49.744000
32.132409	1.253906	49.790000
32.163129	1.260220	49.836000
32.193177	1.263159	49.882000
32.309981	1.256510	49.928000
32.340235	1.264408	50.106000
32.370496	1.271818	50.151000
32.400754	1.275240	50.197000
32.431076	1.277285	50.243000
32.460458	1.276364	50.289000
32.490101	1.274217	50.335000
32.519413	1.272079	50.381000
32.550343	1.266430	50.427000
32.580370	1.263204	50.472000
32.610808	1.260467	50.518000
32.852679	1.258899	50.564000
32.882852	1.274569	50.932000
32.912672	1.278682	50.978000
32.942065	1.281182	51.024000
33.044005	1.280744	51.069000
33.073809	1.284520	51.226000
33.104781	1.290614	51.271000
33.134635	1.297059	51.317000
33.165039	1.301938	51.363000
33.194247	1.304494	51.409000
33.223709	1.303380	51.455000
33.253963	1.301314	51.501000
33.284197	1.304166	51.546000
33.314582	1.307739	51.592000
33.424774	1.313177	51.638000
33.454205	1.320868	51.807000
33.484605	1.322652	51.852000
33.514982	1.322123	51.898000
33.545220	1.325383	51.944000
33.575412	1.331699	51.990000
33.605201	1.334436	52.035000
33.635485	1.335610	52.081000
33.753084	1.330705	52.127000
33.782704	1.331190	52.306000
33.811955	1.331602	52.351000
33.842400	1.332513	52.397000
33.872289	1.334071	52.443000
33.902750	1.334389	52.489000
33.933131	1.336556	52.535000
33.963569	1.339319	52.581000
33.993277	1.344650	52.627000
34.022658	1.346082	52.673000
34.052616	1.345603	52.718000
34.154990	1.340352	52.764000
34.185213	1.319788	52.921000
34.215621	1.316063	52.967000
34.245820	1.312848	53.012000
34.275966	1.308474	53.058000
34.305206	1.303288	53.104000
34.334756	1.298530	53.150000
34.364607	1.291893	53.196000
34.472555	1.259313	53.242000
34.502886	1.251839	53.406000
34.533189	1.245464	53.452000
34.563616	1.235368	53.497000
34.593577	1.227455	53.543000
34.624085	1.218871	53.589000
34.654146	1.208447	53.635000
34.683255	1.195145	53.681000
34.712959	1.180331	53.726000
34.743505	1.168005	53.772000
34.773497	1.159203	53.818000
34.876609	1.152677	53.864000
34.907174	1.129837	54.020000
34.935991	1.121685	54.065000
34.965714	1.111243	54.112000
34.995641	1.101253	54.157000
35.026244	1.093783	54.203000
35.056045	1.087449	54.249000
35.086859	1.080220	54.295000
35.333133	1.037581	54.340000
35.363175	1.031620	54.718000
35.393268	1.025841	54.764000
35.422999	1.022494	54.810000
35.454347	1.025790	54.856000
35.483518	1.031933	54.902000
35.588320	1.035137	54.947000
35.618424	1.025527	55.107000
35.647901	1.020965	55.153000
35.677874	1.011152	55.198000
35.708047	0.995995	55.244000
35.738562	0.982573	55.290000
35.768604	0.973552	55.336000
35.799042	0.967071	55.382000
35.915612	0.953699	55.427000
35.945923	0.946099	55.606000
35.976346	0.938730	55.652000
36.005432	0.934799	55.697000
36.035170	0.932582	55.744000
36.065270	0.933736	55.789000
36.095466	0.935621	55.835000
36.126027	0.934890	55.881000
36.155870	0.933594	55.927000
36.186415	0.929940	55.973000
36.216008	0.923565	56.018000
36.456685	0.919009	56.064000
36.486677	0.910637	56.432000
36.517323	0.909604	56.478000
36.546819	0.909483	56.524000
36.650097	0.915607	56.570000
36.680631	0.918096	56.726000
36.710193	0.917541	56.771000
36.740104	0.917764	56.817000
36.769402	0.918968	56.863000
36.799767	0.916731	56.909000
36.829382	0.914109	56.955000
36.859747	0.912537	57.001000
36.890662	0.913756	57.046000
36.920431	0.916488	57.092000
37.030328	0.917784	57.138000
37.059679	0.921629	57.307000
37.090447	0.918575	57.353000
37.120816	0.917976	57.398000
37.151142	0.922633	57.444000
37.179867	0.928090	57.490000
37.209433	0.933675	57.536000
37.239629	0.936331	57.582000
37.356806	0.936593	57.628000
37.386875	0.939326	57.806000
37.416491	0.941271	57.852000
37.447286	0.942495	57.897000
37.477662	0.943670	57.943000
37.507908	0.944263	57.989000
37.537593	0.945609	58.035000
37.567163	0.951299	58.081000
37.596814	0.958628	58.127000
37.627110	0.963487	58.173000
37.656925	0.964348	58.219000
37.759227	0.965383	58.265000
37.789561	0.980599	58.420000
37.819154	0.991519	58.466000
37.849104	1.005585	58.512000
37.878923	1.017891	58.558000
37.909135	1.025204	58.603000
37.939511	1.029692	58.649000
37.970203	1.033840	58.695000
38.077748	1.067921	58.741000
38.108171	1.083148	58.906000
38.138501	1.093965	58.952000
38.168282	1.105394	58.998000
38.198328	1.112752	59.043000
38.227587	1.120823	59.089000
38.257441	1.128682	59.135000
38.287318	1.133159	59.180000
38.317199	1.138929	59.227000
38.348248	1.145590	59.273000
38.378663	1.152405	59.318000
38.480553	1.159164	59.364000
38.510123	1.190674	59.520000
38.540338	1.202066	59.566000
38.570204	1.208115	59.612000
38.600753	1.213361	59.657000
38.631322	1.209098	59.703000
38.661844	1.199900	59.749000
38.691476	1.196261	59.795000
38.937715	1.198169	59.841000
38.968291	1.198249	60.218000
38.998330	1.200985	60.264000
39.028699	1.200702	60.310000
39.057880	1.202100	60.355000
39.087508	1.209616	60.401000
39.192406	1.218111	60.447000
39.222245	1.227832	60.607000
39.252618	1.228154	60.653000
39.282218	1.231204	60.698000
39.312664	1.231295	60.744000
39.342864	1.229929	60.790000
39.372871	1.228562	60.836000
39.402303	1.227691	60.881000
39.520355	1.193878	60.927000
39.549941	1.193329	61.106000
39.579503	1.193592	61.152000
39.609983	1.190512	61.197000
39.639772	1.185778	61.243000
39.670532	1.180771	61.289000
39.701297	1.179257	61.335000
39.731378	1.183668	61.381000
39.760629	1.191007	61.427000
39.790260	1.196322	61.473000
39.819949	1.201338	61.519000
40.061632	1.205584	61.564000
40.091386	1.248936	61.932000
40.121728	1.249939	61.978000
40.152185	1.252661	62.024000
40.254083	1.270347	62.070000
40.283599	1.272403	62.226000
40.313200	1.274636	62.272000
40.344003	1.274363	62.317000
40.374206	1.280386	62.363000
40.404529	1.288225	62.409000
40.434756	1.291435	62.455000
40.465201	1.294309	62.500000
40.494449	1.294056	62.546000
40.523930	1.292740	62.592000
40.635194	1.293324	62.638000
40.665947	1.294107	62.807000
40.695471	1.293364	62.853000
40.725271	1.295008	62.899000
40.754879	1.292021	62.945000
40.784833	1.282444	62.990000
40.814491	1.277191	63.036000
40.845191	1.272383	63.082000
40.961253	1.279439	63.128000
40.991879	1.284797	63.306000
41.022118	1.288611	63.351000
41.051795	1.292876	63.397000
41.081534	1.294543	63.443000
41.111200	1.297532	63.489000
41.141096	1.304403	63.535000
41.170731	1.308047	63.580000
41.200716	1.308607	63.626000
41.231642	1.304443	63.672000
41.261845	1.301308	63.717000
41.363455	1.299625	63.764000
41.393040	1.274046	63.919000
41.423405	1.267649	63.965000
41.453901	1.266006	64.011000
41.484543	1.262293	64.057000
41.513886	1.256915	64.102000
41.543966	1.250720	64.148000
41.573628	1.245044	64.194000
41.683022	1.230347	64.239000
41.713640	1.230408	64.406000
41.743160	1.227137	64.452000
41.773133	1.224194	64.498000
41.802549	1.226945	64.544000
41.832922	1.225056	64.590000
41.863122	1.214919	64.636000
41.893418	1.204256	64.682000
41.924221	1.195913	64.727000
41.954198	1.195084	64.773000
41.983264	1.193571	64.819000
42.085131	1.192415	64.864000
42.115312	1.176661	65.020000
42.145512	1.167718	65.066000
42.175984	1.162186	65.112000
42.205785	1.160787	65.158000
42.235773	1.159712	65.204000
42.265401	1.155311	65.249000
42.295666	1.147871	65.295000
42.543465	1.121066	65.341000
42.573396	1.120450	65.718000
42.603438	1.121026	65.764000
42.632900	1.125103	65.810000
42.662850	1.131145	65.856000
42.692213	1.136314	65.901000
42.796831	1.139070	65.947000
42.827369	1.159042	66.107000
42.858302	1.168279	66.153000
42.889074	1.176198	66.199000
42.918252	1.184956	66.244000
42.947868	1.192591	66.290000
42.977619	1.199128	66.336000
43.007918	1.203772	66.382000
43.124480	1.248608	66.428000
43.154442	1.253820	66.606000
43.185110	1.258017	66.652000
43.215256	1.263667	66.698000
43.245326	1.270230	66.744000
43.274868	1.272831	66.789000
43.304742	1.277049	66.835000
43.334753	1.284332	66.881000
43.365257	1.292694	66.927000
43.394869	1.298828	66.973000
43.425453	1.304680	67.019000
43.666260	1.310551	67.064000
43.696586	1.352277	67.432000
43.726829	1.356002	67.478000
43.756640	1.360235	67.524000
43.858008	1.382805	67.570000
43.888538	1.388089	67.726000
43.918239	1.400653	67.772000
43.949729	1.418092	67.818000
43.979430	1.429576	67.864000
44.009561	1.435204	67.909000
44.038977	1.438843	67.955000
44.069130	1.445778	68.001000
44.099073	1.454091	68.047000
44.129353	1.459149	68.093000
44.240406	1.453612	68.138000
44.270076	1.453188	68.307000
44.299530	1.453532	68.353000
44.329242	1.448878	68.399000
44.359565	1.448747	68.445000
44.389938	1.454495	68.490000
44.420752	1.458074	68.536000
44.450668	1.460244	68.582000
44.567218	1.460184	68.628000
44.597510	1.464227	68.806000
44.627633	1.466680	68.852000
44.657368	1.470535	68.898000
44.686734	1.479525	68.944000
44.716554	1.487646	68.990000
44.746915	1.494328	69.036000
44.777338	1.497115	69.082000
44.807153	1.500239	69.127000
44.837683	1.509391	69.173000
44.868118	1.518335	69.219000
44.969543	1.523008	69.265000
44.999981	1.529443	69.421000
45.029247	1.536632	69.467000
45.060166	1.543709	69.513000
45.090323	1.548494	69.559000
45.120807	1.549620	69.605000
45.150231	1.549084	69.651000
45.179958	1.546590	69.697000
45.287484	1.516552	69.743000
45.317377	1.514639	69.906000
45.346808	1.515699	69.952000
45.376593	1.516865	69.998000
45.406663	1.513907	70.044000
45.437043	1.511767	70.089000
45.467546	1.508769	70.135000
45.497285	1.508502	70.181000
45.527654	1.509496	70.227000
45.557097	1.509864	70.273000
45.587016	1.507977	70.319000
45.689994	1.505907	70.365000
45.719867	1.508758	70.520000
45.750186	1.511544	70.566000
45.780021	1.515497	70.612000
45.809944	1.516895	70.658000
45.839683	1.515123	70.704000
45.869464	1.513372	70.750000
45.899552	1.511211	70.796000
46.148062	1.443400	70.841000
46.177966	1.436889	71.219000
46.206929	1.432896	71.264000
46.237121	1.426956	71.310000
46.267071	1.420394	71.356000
46.297536	1.411060	71.402000
46.402784	1.405263	71.447000
46.432212	1.396272	71.607000
46.462692	1.390601	71.653000
46.492124	1.386443	71.699000
46.522097	1.388711	71.745000
46.551325	1.390692	71.790000
46.582124	1.391796	71.836000
46.612504	1.387210	71.882000
46.728486	1.374429	71.928000
46.759496	1.368517	72.106000
46.789450	1.362362	72.152000
46.819838	1.360775	72.198000
46.849581	1.360836	72.244000
46.879112	1.358225	72.290000
46.909404	1.349424	72.336000
46.939427	1.330912	72.381000
46.969908	1.312566	72.427000
47.000645	1.301918	72.473000
47.030254	1.300592	72.519000
47.271199	1.300119	72.565000
47.301572	1.301665	72.933000
47.330938	1.304256	72.979000
47.360661	1.303924	73.024000
47.462705	1.290658	73.070000
47.493470	1.294916	73.226000
47.524430	1.302350	73.272000
47.554192	1.314969	73.318000
47.583228	1.330397	73.364000
47.612414	1.347873	73.410000
47.642491	1.361161	73.456000
47.672906	1.372261	73.502000
47.703321	1.385754	73.547000
47.733205	1.403690	73.593000
47.843221	1.426804	73.638000
47.873179	1.505988	73.807000
47.904212	1.525373	73.853000
47.934381	1.547514	73.899000
47.964654	1.568692	73.945000
47.994988	1.587710	73.990000
48.024297	1.602575	74.036000
48.053625	1.613664	74.082000
48.171819	1.671742	74.127000
48.200782	1.679585	74.306000
48.231028	1.683778	74.352000
48.261005	1.690430	74.398000
48.291470	1.698082	74.443000
48.321428	1.708162	74.489000
48.351785	1.719533	74.535000
48.381489	1.727531	74.581000
48.410817	1.735671	74.627000
48.440183	1.743683	74.672000
48.470406	1.748849	74.718000
48.573337	1.753789	74.764000
48.603284	1.758547	74.919000
48.633852	1.759701	74.965000
48.663303	1.762921	75.011000
48.693057	1.767982	75.057000
48.722796	1.772548	75.103000
48.752558	1.775149	75.149000
48.783461	1.776111	75.194000
48.891655	1.785496	75.240000
48.921967	1.785118	75.406000
48.952147	1.784024	75.452000
48.982958	1.783923	75.498000
49.012439	1.783671	75.544000
49.042466	1.783370	75.589000
49.072078	1.785415	75.635000
49.102098	1.787214	75.681000
49.131329	1.785950	75.727000
49.162063	1.786842	75.772000
49.192490	1.790577	75.818000
49.294315	1.794654	75.864000
49.324311	1.797623	76.019000
49.353788	1.803202	76.065000
49.383504	1.808212	76.111000
49.414138	1.811367	76.157000
49.444449	1.813413	76.203000
49.474772	1.814965	76.249000
49.505026	1.817394	76.295000
49.751987	1.817800	76.341000
49.782202	1.816433	76.719000
49.812164	1.812950	76.765000
49.842395	1.807342	76.810000
49.872829	1.801379	76.856000
49.903163	1.797603	76.902000
50.007716	1.791081	76.947000
50.037366	1.750982	77.107000
50.066698	1.750317	77.153000
50.096529	1.748982	77.199000
50.126679	1.746995	77.245000
50.157439	1.745347	77.291000
50.187520	1.740378	77.336000
50.217532	1.737420	77.382000
50.334800	1.724881	77.428000
50.364996	1.723817	77.606000
50.394697	1.722512	77.652000
50.424178	1.718948	77.698000
50.453952	1.715920	77.744000
50.483748	1.713562	77.790000
50.514447	1.713481	77.836000
50.544136	1.711463	77.881000
50.574993	1.707637	77.927000
50.604659	1.701202	77.973000
50.634236	1.693455	78.019000
50.876015	1.682130	78.064000
50.905631	1.650593	78.433000
50.935981	1.649279	78.479000
50.966258	1.650332	78.525000
51.069715	1.648741	78.570000
51.099420	1.651456	78.726000
51.128317	1.655603	78.772000
51.158206	1.660049	78.818000
51.187875	1.666964	78.864000
51.218567	1.674851	78.910000
51.248482	1.683748	78.955000
51.279197	1.694206	79.001000
51.309262	1.702547	79.047000
51.338967	1.709654	79.093000
51.448410	1.717557	79.139000
51.478460	1.734850	79.307000
51.509297	1.734487	79.353000
51.539751	1.733947	79.399000
51.569532	1.729563	79.445000
51.599117	1.725254	79.491000
51.628329	1.718927	79.537000
51.659086	1.714745	79.582000
51.775560	1.701907	79.628000
51.806336	1.698252	79.807000
51.835994	1.693102	79.852000
51.866451	1.688848	79.898000
51.896820	1.688868	79.944000
51.926943	1.688605	79.990000
51.956183	1.688445	80.036000
51.985998	1.682724	80.082000
52.016217	1.672482	80.128000
52.046479	1.664686	80.174000
52.076252	1.663199	80.219000
52.179368	1.660991	80.265000
52.208964	1.638299	80.421000
52.238649	1.632001	80.467000
52.268646	1.624813	80.513000
52.298400	1.618788	80.558000
52.328919	1.618505	80.604000
52.359134	1.620312	80.650000
52.389537	1.620867	80.696000
52.496741	1.625329	80.742000
52.527175	1.628806	80.907000
52.557697	1.629750	80.952000
52.587912	1.631361	80.998000
52.617544	1.634757	81.044000
52.646464	1.638920	81.090000
52.676599	1.641057	81.136000
52.706476	1.642794	81.181000
52.737409	1.651223	81.227000
52.767217	1.664666	81.273000
52.797072	1.674796	81.319000
52.898535	1.682018	81.364000
52.928482	1.707285	81.521000
52.958781	1.713066	81.567000
52.989312	1.717496	81.612000
53.019773	1.722551	81.658000
53.049596	1.723449	81.704000
53.079934	1.721050	81.750000
53.108720	1.718600	81.796000
53.355901	1.708852	81.841000
53.386788	1.705703	82.219000
53.416884	1.703772	82.265000
53.447057	1.703449	82.311000
53.476946	1.700702	82.356000
53.506673	1.696177	82.402000
53.611291	1.690224	82.448000
53.641264	1.679740	82.608000
53.671829	1.677175	82.653000
53.701825	1.675245	82.700000
53.732402	1.672522	82.745000
53.762674	1.668642	82.791000
53.792263	1.662337	82.837000
53.821207	1.653491	82.883000
53.938860	1.607668	82.928000
53.968772	1.605906	83.107000
53.998653	1.602252	83.153000
54.028845	1.594802	83.198000
54.058649	1.585853	83.244000
54.089509	1.580559	83.290000
54.119237	1.576708	83.336000
54.149210	1.570258	83.382000
54.178177	1.565099	83.428000
54.208165	1.557159	83.473000
54.238173	1.554626	83.519000
54.480209	1.553838	83.565000
54.510405	1.509188	83.933000
54.540644	1.511318	83.979000
54.571243	1.516759	84.025000
54.672991	1.536481	84.071000
54.702703	1.540628	84.227000
54.732626	1.543961	84.272000
54.762296	1.537960	84.318000
54.792738	1.530215	84.364000
54.823445	1.525905	84.410000
54.853660	1.526384	84.456000
54.882688	1.527954	84.501000
54.912408	1.534678	84.547000
54.942396	1.540261	84.593000
55.054033	1.547318	84.638000
55.084110	1.558643	84.808000
55.113749	1.562009	84.854000
55.143480	1.565558	84.899000
55.173184	1.563943	84.945000
55.202919	1.557780	84.991000
55.233449	1.550845	85.037000
55.263880	1.548665	85.083000
55.381125	1.544021	85.128000
55.411202	1.540049	85.307000
55.441218	1.532467	85.353000
55.470826	1.530175	85.398000
55.501133	1.525724	85.444000
55.530872	1.520035	85.490000
55.560841	1.517633	85.536000
55.590546	1.514756	85.582000
55.621418	1.511470	85.628000
55.652113	1.513181	85.673000
55.682017	1.511096	85.719000
55.783500	1.506074	85.765000
55.812905	1.474326	85.921000
55.843120	1.463469	85.967000
55.873485	1.460375	86.013000
55.904346	1.460163	86.059000
55.934092	1.455792	86.105000
55.964242	1.452234	86.151000
55.993666	1.453542	86.196000
56.102391	1.465686	86.242000
56.132233	1.475937	86.407000
56.162298	1.493264	86.453000
56.191353	1.505670	86.498000
56.221519	1.515689	86.545000
56.251914	1.524780	86.590000
56.282533	1.534460	86.636000
56.312975	1.546041	86.682000
56.343132	1.558694	86.728000
56.372844	1.570333	86.774000
56.401953	1.584138	86.819000
56.504147	1.596242	86.865000
56.534009	1.638961	87.021000
56.565031	1.653472	87.067000
56.595088	1.664957	87.113000
56.625246	1.675597	87.159000
56.654966	1.688032	87.205000
56.684255	1.703965	87.250000
56.714232	1.717476	87.296000
56.962580	1.811422	87.342000
56.991639	1.814689	87.719000
57.022004	1.818494	87.765000
57.051413	1.823317	87.811000
57.081363	1.828821	87.857000
57.111175	1.836447	87.903000
57.215946	1.840888	87.949000
57.247010	1.849869	88.108000
57.277064	1.851537	88.153000
57.307437	1.845720	88.200000
57.336811	1.838998	88.245000
57.366346	1.833035	88.291000
57.396131	1.821554	88.337000
57.426700	1.806448	88.383000
57.543234	1.780018	88.429000
57.572889	1.769791	88.607000
57.603434	1.757060	88.653000
57.634176	1.751067	88.699000
57.664748	1.750496	88.745000
57.694084	1.747564	88.790000
57.723269	1.737330	88.836000
57.753358	1.729593	88.882000
57.783488	1.734209	88.928000
57.813077	1.742675	88.973000
57.844019	1.749254	89.019000
58.085387	1.750547	89.065000
58.115590	1.801207	89.434000
58.145929	1.808877	89.479000
58.175441	1.825047	89.525000
58.276659	1.875260	89.571000
58.307135	1.883361	89.727000
58.337984	1.897028	89.773000
58.368234	1.911202	89.819000
58.398226	1.922543	89.864000
58.428269	1.930300	89.910000
58.457869	1.941531	89.956000
58.487535	1.954397	90.002000
58.517623	1.962993	90.048000
58.547773	1.966471	90.094000
58.658926	1.972170	90.139000
58.688623	1.997250	90.308000
58.718799	1.997422	90.354000
58.748388	2.001000	90.400000
58.778592	2.008421	90.446000
58.809122	2.015123	90.491000
58.839257	2.019433	90.537000
58.868796	2.023558	90.583000
58.986299	2.026884	90.629000
59.016030	2.032168	90.807000
59.046145	2.039396	90.853000
59.075907	2.045060	90.899000
59.105684	2.051984	90.945000
59.135681	2.058026	90.991000
59.166069	2.063947	91.037000
59.196495	2.068121	91.082000
59.226453	2.071760	91.128000
59.256453	2.078298	91.174000
59.285904	2.088222	91.220000
59.388194	2.098912	91.266000
59.418205	2.110928	91.421000
59.448797	2.116820	91.467000
59.479058	2.125353	91.513000
59.509454	2.131477	91.559000
59.538981	2.139233	91.605000
59.568436	2.149375	91.651000
59.598701	2.158980	91.697000
59.707153	2.169632	91.742000
59.736573	2.174065	91.907000
59.767172	2.176323	91.953000
59.796688	2.178223	91.999000
59.826566	2.183092	92.045000
59.857372	2.188863	92.091000
59.887576	2.193289	92.137000
59.917369	2.190989	92.182000
59.946977	2.188369	92.228000
59.976616	2.190304	92.274000
60.006620	2.197521	92.319000
60.109217	2.205123	92.366000
60.139455	2.232425	92.521000
60.169090	2.241487	92.567000
60.199328	2.247611	92.613000
60.228914	2.251043	92.659000
60.258568	2.252642	92.705000
60.288191	2.255720	92.750000
60.319425	2.257258	92.796000
60.566751	2.273860	92.842000
60.596340	2.274631	93.220000
60.626183	2.276807	93.265000
60.656532	2.275326	93.311000
60.686859	2.275035	93.357000
60.717889	2.276939	93.403000
60.821892	2.278012	93.449000
60.851585	2.277444	93.608000
60.881450	2.282972	93.654000
60.911101	2.289449	93.700000
60.940997	2.296131	93.745000
60.970951	2.300704	93.791000
61.002177	2.307564	93.837000
61.032365	2.315403	93.883000
61.148689	2.342252	93.929000
61.178931	2.352247	94.107000
61.208535	2.364900	94.153000
61.238566	2.368701	94.199000
61.267897	2.365102	94.244000
61.297744	2.364209	94.290000
61.327433	2.374500	94.336000
61.357717	2.385559	94.381000
61.388620	2.387321	94.427000
61.418570	2.384424	94.473000
61.447971	2.387760	94.519000
61.689185	2.398679	94.565000
61.719266	2.430917	94.933000
61.748816	2.434556	94.979000
61.779251	2.440001	95.024000
61.881840	2.461196	95.070000
61.912220	2.468898	95.226000
61.942075	2.478846	95.272000
61.972151	2.488638	95.318000
62.002474	2.499748	95.364000
62.031521	2.511453	95.409000
62.061875	2.523996	95.455000
62.092424	2.534167	95.501000
62.123339	2.543753	95.546000
62.152209	2.552055	95.592000
62.262390	2.565663	95.638000
62.292828	2.602915	95.808000
62.322951	2.612158	95.854000
62.353835	2.621886	95.900000
62.383420	2.629853	95.946000
62.413612	2.638548	95.992000
62.443266	2.647912	96.037000
62.472817	2.656605	96.083000
62.590773	2.688066	96.129000
62.619932	2.697481	96.307000
62.649940	2.706684	96.353000
62.680309	2.717566	96.399000
62.711127	2.729857	96.445000
62.741019	2.745247	96.491000
62.770954	2.762998	96.537000
62.800632	2.775621	96.582000
62.830324	2.783698	96.628000
62.859840	2.788982	96.673000
62.890490	2.797870	96.719000
62.992829	2.813230	96.765000
63.022626	2.866930	96.920000
63.052806	2.874708	96.966000
63.081904	2.883233	97.012000
63.111662	2.893140	97.058000
63.142054	2.904624	97.104000
63.172615	2.917762	97.150000
63.202849	2.930351	97.195000
63.310951	2.958107	97.241000
63.341193	2.968283	97.407000
63.371685	2.982456	97.453000
63.402315	2.996564	97.499000
63.432073	3.012309	97.545000
63.462031	3.028000	97.590000
63.491490	3.043437	97.636000
63.521474	3.060150	97.682000
63.550886	3.077795	97.728000
63.581348	3.100521	97.774000
63.611574	3.117773	97.819000
63.713903	3.132569	97.865000
63.742954	3.180130	98.020000
63.773684	3.191951	98.066000
63.803223	3.205200	98.112000
63.833691	3.220074	98.158000
63.864206	3.233849	98.204000
63.894468	3.248410	98.250000
63.923711	3.261741	98.296000
64.170807	3.415862	98.341000
64.200838	3.438922	98.720000
64.231587	3.464686	98.765000
64.261967	3.489169	98.811000
64.292421	3.509905	98.857000
64.322298	3.525705	98.903000
64.426570	3.544726	98.949000
64.456428	3.616032	99.108000
64.486194	3.635580	99.154000
64.515629	3.651893	99.200000
64.546355	3.669075	99.246000
64.577058	3.686937	99.291000
64.606908	3.705246	99.337000
64.636351	3.723517	99.383000
64.754661	3.773955	99.429000
64.784481	3.782878	99.607000
64.813962	3.793487	99.653000
64.843743	3.809828	99.699000
64.873647	3.832119	99.744000
64.903690	3.854261	99.790000
64.934708	3.872683	99.836000
64.964481	3.888162	99.882000
64.994500	3.904128	99.928000
65.024128	3.921323	99.974000
65.053786	3.935986	100.020000
65.294547	3.951818	100.065000
65.324128	4.088022	100.434000
65.354470	4.104331	100.480000
65.385450	4.118140	100.526000
65.487701	4.150344	100.572000
65.517943	4.169473	100.727000
65.547294	4.193685	100.773000
65.577344	4.221866	100.819000
65.607410	4.250753	100.865000
65.637413	4.282652	100.911000
65.668293	4.312717	100.957000
65.699035	4.341878	101.002000
65.728970	4.371115	101.048000
65.758566	4.400273	101.094000
65.868593	4.428982	101.140000
65.898881	4.514441	101.308000
65.929262	4.539178	101.354000
65.959197	4.565396	101.400000
65.989139	4.592879	101.446000
66.018075	4.622289	101.492000
66.048578	4.651414	101.537000
66.078628	4.678923	101.584000
66.195148	4.762826	101.629000
66.225713	4.788251	101.807000
66.255778	4.814789	101.853000
66.286489	4.847574	101.899000
66.316562	4.880666	101.945000
66.346128	4.914286	101.991000
66.375279	4.946382	102.037000
66.405582	4.973497	102.083000
66.435740	4.998784	102.128000
66.466466	5.023956	102.174000
66.496608	5.050924	102.220000
66.598537	5.086799	102.266000
66.628656	5.227846	102.422000
66.658076	5.266062	102.468000
66.688357	5.305610	102.513000
66.718407	5.346120	102.559000
66.748772	5.387927	102.605000
66.779213	5.429473	102.651000
66.809525	5.476000	102.697000
66.916770	5.651088	102.743000
66.947689	5.702360	102.908000
66.976886	5.751500	102.953000
67.007043	5.801813	102.999000
67.035925	5.852878	103.045000
67.065783	5.905637	103.090000
67.096456	5.956767	103.136000
67.126475	6.001643	103.182000
67.157232	6.048281	103.228000
67.187366	6.097279	103.274000
67.217201	6.151213	103.320000
67.318246	6.202732	103.366000
67.348342	6.357969	103.522000
67.378300	6.406008	103.568000
67.409157	6.461520	103.613000
67.438930	6.522897	103.659000
67.469656	6.588580	103.705000
67.499737	6.653686	103.751000
67.529019	6.720731	103.797000
67.775573	7.117316	103.843000
67.806223	7.144639	104.220000
67.836511	7.164915	104.266000
67.867398	7.198550	104.311000
67.896426	7.252599	104.357000
67.926000	7.317378	104.403000
68.030610	7.367435	104.449000
68.060852	7.369140	104.609000
68.091325	7.412140	104.654000
68.122266	7.476364	104.700000
68.152024	7.549812	104.746000
68.182305	7.618154	104.792000
68.211848	7.677367	104.838000
68.240953	7.722987	104.884000
68.357995	7.816087	104.930000
68.387883	7.839514	105.108000
68.417772	7.886840	105.153000
68.448421	7.941767	105.199000
68.478617	8.000792	105.245000
68.509743	8.065246	105.291000
68.539678	8.131116	105.337000
68.569343	8.191784	105.383000
68.598771	8.245455	105.429000
68.628813	8.290967	105.474000
68.658510	8.331006	105.520000
68.899578	8.360528	105.566000
68.930458	8.821460	105.934000
68.960370	8.913919	105.980000
68.991319	9.006421	106.026000
69.092210	9.246516	106.072000
69.122345	9.291246	106.228000
69.152203	9.329657	106.273000
69.181769	9.356525	106.319000
69.212126	9.397811	106.365000
69.242460	9.460878	106.411000
69.272948	9.524141	106.457000
69.302045	9.569916	106.503000
69.331804	9.608710	106.548000
69.361784	9.659458	106.594000
69.474040	9.730370	106.640000
69.503882	10.003512	106.809000
69.533402	10.071109	106.854000
69.563068	10.152292	106.900000
69.592734	10.242340	106.946000
69.623368	10.336972	106.992000
69.653433	10.415649	107.038000
69.683859	10.461134	107.083000
69.800179	10.691700	107.129000
69.830391	10.787854	107.307000
69.860863	10.876375	107.353000
69.890237	10.953114	107.399000
69.920103	11.030374	107.445000
69.949938	11.113313	107.491000
69.980018	11.188225	107.536000
70.010376	11.241805	107.582000
70.040572	11.290761	107.628000
70.070721	11.349791	107.674000
70.100403	11.420117	107.719000
70.201571	11.486169	107.765000
70.232097	11.717099	107.921000
70.261832	11.812501	107.966000
70.292504	11.912864	108.012000
70.322754	12.004508	108.058000
70.352044	12.089069	108.104000
70.381625	12.184057	108.149000
70.411844	12.289616	108.195000
70.522432	12.717203	108.241000
70.552336	12.803232	108.408000
70.581848	12.888085	108.454000
70.611030	12.988505	108.500000
70.641272	13.101391	108.546000
70.671237	13.212535	108.592000
70.702302	13.308177	108.637000
70.731852	13.400453	108.683000
70.761718	13.505258	108.729000
70.791629	13.621094	108.774000
70.820596	13.737339	108.820000
70.923662	13.832218	108.866000
70.953743	14.164651	109.022000
70.984722	14.304759	109.068000
71.014465	14.437742	109.114000
71.044400	14.542282	109.160000
71.072852	14.626028	109.205000
71.103424	14.709891	109.251000
71.132967	14.818717	109.297000
71.381919	15.517915	109.342000
71.411269	15.651965	109.720000
71.441173	15.781266	109.766000
71.470947	15.864534	109.812000
71.501104	15.934061	109.858000
71.530924	16.011033	109.904000
71.635427	16.084016	109.949000
71.665684	16.309997	110.109000
71.695934	16.410561	110.154000
71.726137	16.508368	110.200000
71.755450	16.605118	110.246000
71.785162	16.709770	110.291000
71.815673	16.836910	110.338000
71.845354	16.994337	110.384000
71.962550	17.526326	110.430000
71.992953	17.639164	110.608000
72.022873	17.760060	110.654000
72.054029	17.855142	110.700000
72.083664	17.939713	110.746000
72.113107	18.036257	110.792000
72.142227	18.170037	110.837000
72.172877	18.328854	110.883000
72.202612	18.465550	110.929000
72.233107	18.568192	110.975000
72.264348	18.659765	111.021000
72.505317	18.771318	111.066000
72.535689	19.901329	111.435000
72.565209	20.019023	111.480000
