Sample	2mm tape 
date	08/01/2026
	
Temperature (K)	77.00
Angle (deg.)	90.000000
field / T	0.500000
	
		
Approx. trace time (s)	90.0	
		
Current / A	V1  -sample/ uV	time/s
-0.018078	0.120457	0.000000
-0.018209	0.121632	0.046000
-0.018537	0.124182	0.091000
-0.018818	0.131572	0.137000
-0.018167	0.136474	0.183000
-0.018591	0.141268	0.363000
-0.018860	0.141319	0.409000
-0.017976	0.146886	0.455000
-0.018383	0.147441	0.501000
-0.018591	0.143055	0.546000
-0.018167	0.140763	0.592000
-0.018215	0.133198	0.638000
-0.018866	0.128209	0.683000
0.019047	0.122469	0.729000
0.037224	0.120201	0.886000
0.053212	0.123991	0.931000
0.069720	0.124213	0.977000
0.085952	0.122167	1.023000
0.102169	0.122469	1.069000
0.119461	0.126984	1.115000
0.137059	0.131542	1.161000
0.154542	0.135707	1.207000
0.170569	0.134324	1.253000
0.230229	0.134314	1.298000
0.247520	0.127877	1.463000
0.264134	0.128708	1.509000
0.280401	0.137872	1.555000
0.297172	0.140052	1.601000
0.314563	0.142294	1.647000
0.330557	0.141219	1.692000
0.347196	0.140683	1.738000
0.364805	0.144757	1.784000
0.498669	0.188158	1.830000
0.516116	0.192030	2.198000
0.533343	0.195639	2.244000
0.549391	0.198671	2.290000
0.566132	0.205046	2.336000
0.583309	0.212689	2.382000
0.640397	0.213390	2.427000
0.657670	0.220031	2.583000
0.673506	0.227653	2.629000
0.690009	0.231858	2.674000
0.706714	0.236869	2.720000
0.724174	0.232660	2.766000
0.739547	0.232539	2.812000
0.756958	0.236219	2.857000
0.816099	0.244785	2.903000
0.833795	0.239383	3.067000
0.850709	0.235285	3.113000
0.868412	0.235945	3.159000
0.884574	0.238924	3.205000
0.901507	0.240346	3.251000
0.917857	0.235673	3.296000
0.934586	0.235072	3.342000
0.951454	0.228920	3.388000
0.969637	0.225735	3.433000
0.985670	0.221510	3.479000
1.120563	0.217790	3.525000
1.136975	0.212526	3.893000
1.154369	0.215499	3.939000
1.169663	0.212476	3.985000
1.227135	0.211991	4.031000
1.244887	0.210956	4.187000
1.261264	0.220274	4.233000
1.277814	0.223620	4.278000
1.295232	0.223100	4.324000
1.311346	0.220991	4.370000
1.327735	0.216513	4.415000
1.344541	0.207640	4.462000
1.361132	0.205177	4.507000
1.379358	0.206939	4.553000
1.439186	0.202956	4.599000
1.455438	0.190924	4.763000
1.473340	0.172199	4.809000
1.490363	0.187012	4.855000
1.506095	0.186330	4.901000
1.523117	0.185916	4.947000
1.539786	0.181597	4.992000
1.555921	0.170407	5.038000
1.573444	0.165642	5.084000
1.630228	0.163613	5.129000
1.648256	0.163593	5.285000
1.663873	0.165173	5.331000
1.680567	0.161322	5.377000
1.697539	0.160024	5.422000
1.714425	0.159873	5.468000
1.731154	0.163543	5.514000
1.748371	0.168499	5.559000
1.764658	0.173193	5.605000
1.781900	0.168867	5.651000
1.842589	0.174723	5.697000
1.859067	0.170912	5.863000
1.876565	0.168938	5.909000
1.893342	0.168206	5.955000
1.909546	0.171704	6.001000
1.926485	0.171744	6.046000
1.943200	0.172607	6.092000
1.959642	0.173723	6.138000
1.977670	0.170578	6.184000
2.033433	0.163412	6.229000
2.051625	0.159323	6.384000
2.067801	0.154306	6.431000
2.084105	0.150031	6.477000
2.100835	0.146095	6.522000
2.118387	0.139689	6.568000
2.135306	0.136010	6.614000
2.151600	0.132471	6.659000
2.167534	0.129782	6.705000
2.184539	0.128432	6.751000
2.246557	0.127167	6.796000
2.263387	0.130146	6.963000
2.280104	0.136252	7.009000
2.296468	0.139952	7.055000
2.313153	0.141647	7.101000
2.329684	0.138473	7.147000
2.346842	0.132552	7.192000
2.363852	0.132885	7.238000
2.380497	0.134793	7.284000
2.515266	0.102081	7.330000
2.531935	0.094501	7.697000
2.548789	0.086191	7.743000
2.565219	0.082667	7.789000
2.581874	0.083559	7.834000
2.599815	0.079124	7.881000
2.657534	0.075834	7.926000
2.672983	0.059000	8.082000
2.689480	0.059523	8.128000
2.706278	0.057967	8.173000
2.722858	0.060940	8.219000
2.740378	0.061177	8.265000
2.757688	0.061751	8.311000
2.774114	0.061852	8.357000
2.834362	0.073121	8.402000
2.852129	0.069790	8.567000
2.867801	0.068636	8.613000
2.885342	0.065053	8.659000
2.901860	0.068727	8.705000
2.917621	0.074680	8.751000
2.935189	0.082930	8.797000
2.951811	0.085208	8.842000
2.969141	0.084416	8.888000
2.986104	0.078021	8.934000
3.002332	0.072734	8.980000
3.137722	0.065255	9.025000
3.153729	0.045009	9.394000
3.170483	0.050870	9.439000
3.186740	0.049797	9.485000
3.244733	0.046183	9.531000
3.261229	0.049777	9.687000
3.279084	0.057643	9.733000
3.295168	0.060063	9.779000
3.312160	0.059252	9.825000
3.328858	0.062199	9.870000
3.345238	0.062856	9.916000
3.363012	0.065833	9.962000
3.378678	0.072794	10.008000
3.395968	0.083221	10.054000
3.455657	0.092606	10.099000
3.473848	0.110746	10.264000
3.489424	0.115962	10.309000
3.506274	0.122256	10.355000
3.523175	0.132118	10.401000
3.539528	0.139153	10.447000
3.557129	0.143358	10.493000
3.573176	0.141778	10.539000
3.590792	0.143968	10.584000
3.647375	0.147382	10.630000
3.664269	0.152645	10.786000
3.680987	0.152656	10.832000
3.697740	0.152302	10.878000
3.714321	0.151601	10.923000
3.732028	0.152534	10.969000
3.748578	0.150688	11.015000
3.765427	0.149228	11.061000
3.782461	0.146573	11.107000
3.798645	0.147618	11.152000
3.859979	0.147931	11.198000
3.876385	0.149147	11.364000
3.893155	0.146584	11.410000
3.910180	0.150779	11.455000
3.926336	0.154084	11.501000
3.943993	0.153700	11.547000
3.960095	0.153110	11.593000
3.977054	0.152898	11.639000
3.993796	0.156113	11.684000
4.050989	0.165632	11.730000
4.068178	0.170104	11.886000
4.084859	0.173305	11.932000
4.101520	0.172618	11.978000
4.117991	0.179023	12.024000
4.135306	0.175858	12.069000
4.151568	0.177125	12.115000
4.168127	0.178619	12.161000
4.186035	0.169807	12.207000
4.202305	0.169049	12.252000
4.263459	0.168661	12.298000
4.280286	0.164294	12.464000
4.296944	0.162205	12.509000
4.313600	0.158546	12.555000
4.330998	0.155250	12.601000
4.348215	0.154785	12.647000
4.364572	0.151348	12.693000
4.381469	0.145388	12.739000
4.397678	0.139447	12.784000
4.533160	0.131471	12.830000
4.549474	0.131521	13.199000
4.566024	0.133667	13.245000
4.583236	0.149016	13.290000
4.600520	0.151762	13.336000
4.617127	0.150647	13.382000
4.674472	0.153049	13.427000
4.691245	0.181808	13.584000
4.707939	0.200069	13.629000
4.724914	0.214737	13.675000
4.741909	0.225270	13.721000
4.759363	0.231312	13.767000
4.775243	0.235683	13.812000
4.791555	0.238096	13.858000
4.852292	0.272767	13.903000
4.869035	0.283119	14.068000
4.885531	0.288621	14.113000
4.902260	0.290286	14.159000
4.918421	0.291564	14.205000
4.935739	0.292069	14.251000
4.952894	0.297231	14.296000
4.969486	0.304202	14.342000
4.986384	0.311919	14.388000
5.002978	0.317239	14.434000
5.019283	0.319521	14.479000
5.154097	0.319808	14.525000
5.171208	0.323699	14.894000
5.188440	0.327844	14.940000
5.205163	0.329842	14.986000
5.262253	0.328484	15.031000
5.279114	0.325667	15.187000
5.295814	0.324356	15.233000
5.312207	0.325909	15.279000
5.329256	0.329640	15.324000
5.346637	0.331688	15.370000
5.363745	0.319827	15.416000
5.379877	0.329185	15.462000
5.396569	0.334606	15.508000
5.413173	0.338735	15.553000
5.473960	0.343576	15.599000
5.490444	0.359121	15.764000
5.507099	0.360959	15.810000
5.524350	0.366187	15.856000
5.540841	0.378061	15.902000
5.557461	0.392820	15.947000
5.575080	0.406982	15.993000
5.591952	0.417530	16.039000
5.609009	0.417263	16.084000
5.665655	0.427228	16.130000
5.682623	0.442278	16.286000
5.699584	0.446500	16.332000
5.716247	0.454559	16.378000
5.733193	0.451377	16.424000
5.750224	0.457370	16.470000
5.766811	0.459921	16.516000
5.783469	0.476220	16.561000
5.800090	0.480889	16.607000
5.817297	0.481689	16.653000
5.877753	0.483680	16.699000
5.894075	0.519378	16.864000
5.910145	0.520654	16.910000
5.927567	0.519020	16.956000
5.945016	0.518285	17.001000
5.961597	0.515406	17.047000
5.977956	0.519520	17.093000
5.995176	0.525896	17.139000
6.012022	0.538753	17.185000
6.069155	0.554371	17.231000
6.085407	0.549272	17.386000
6.102698	0.552936	17.432000
6.119648	0.558177	17.478000
6.136314	0.565214	17.524000
6.152834	0.575838	17.570000
6.169598	0.581506	17.616000
6.186632	0.576822	17.661000
6.203023	0.574875	17.707000
6.220471	0.577816	17.753000
6.280914	0.580037	17.799000
6.298050	0.568439	17.964000
6.314973	0.567757	18.010000
6.331709	0.573844	18.056000
6.348819	0.581870	18.101000
6.365051	0.586402	18.147000
6.382083	0.582238	18.193000
6.398417	0.574309	18.239000
6.415599	0.566818	18.285000
6.550093	0.524439	18.330000
6.567271	0.512434	18.699000
6.584302	0.492683	18.745000
6.600929	0.478268	18.790000
6.617825	0.464326	18.836000
6.634648	0.456096	18.882000
6.692012	0.452971	18.927000
6.708495	0.432520	19.083000
6.725884	0.422672	19.130000
6.742823	0.410535	19.175000
6.759494	0.401311	19.221000
6.776105	0.394285	19.267000
6.792405	0.385289	19.313000
6.808896	0.376127	19.358000
6.869418	0.338145	19.404000
6.886285	0.331210	19.567000
6.902407	0.328959	19.614000
6.919764	0.321034	19.659000
6.936731	0.311878	19.705000
6.953717	0.300759	19.751000
6.970473	0.288702	19.796000
6.987263	0.279864	19.842000
7.003704	0.273090	19.888000
7.020214	0.261991	19.934000
7.036815	0.258382	19.979000
7.171642	0.255778	20.025000
7.188776	0.203179	20.393000
7.205654	0.198031	20.439000
7.222713	0.193205	20.484000
7.279329	0.174075	20.531000
7.295940	0.182308	20.686000
7.312561	0.181586	20.732000
7.329609	0.174948	20.778000
7.346820	0.164617	20.824000
7.363495	0.157672	20.869000
7.379519	0.150697	20.915000
7.396565	0.147300	20.961000
7.413344	0.146462	21.007000
7.430211	0.150576	21.052000
7.490749	0.155951	21.098000
7.507390	0.166309	21.264000
7.524820	0.177564	21.310000
7.541325	0.179436	21.356000
7.558294	0.175787	21.402000
7.575628	0.174308	21.447000
7.592319	0.175211	21.493000
7.608411	0.172849	21.539000
7.625092	0.175241	21.584000
7.682214	0.197829	21.630000
7.699074	0.203557	21.787000
7.716155	0.205930	21.832000
7.732803	0.206091	21.878000
7.749558	0.214646	21.924000
7.766072	0.222369	21.970000
7.782394	0.229975	22.015000
7.799157	0.234911	22.061000
7.816533	0.238560	22.107000
7.833341	0.243155	22.153000
7.894391	0.252887	22.198000
7.910652	0.261098	22.364000
7.927899	0.262648	22.410000
7.944868	0.265843	22.456000
7.961370	0.276518	22.502000
7.977461	0.278910	22.547000
7.994381	0.280949	22.593000
8.010979	0.279092	22.639000
8.028037	0.278708	22.684000
8.085970	0.291846	22.730000
8.102611	0.298120	22.887000
8.119023	0.301001	22.932000
8.136254	0.300769	22.978000
8.152523	0.301112	23.024000
8.169423	0.300553	23.070000
8.186146	0.302420	23.116000
8.202856	0.306861	23.161000
8.219848	0.315679	23.207000
8.236710	0.321196	23.253000
8.297161	0.324376	23.299000
8.314387	0.323139	23.464000
8.331297	0.322079	23.510000
8.347829	0.324356	23.556000
8.364310	0.326712	23.602000
8.380698	0.329316	23.648000
8.397840	0.330634	23.693000
8.414687	0.332173	23.739000
8.432083	0.330124	23.784000
8.567166	0.315902	23.831000
8.584171	0.316532	24.199000
8.600320	0.313015	24.245000
8.617199	0.310814	24.291000
8.634333	0.313075	24.336000
8.650876	0.312181	24.382000
8.708321	0.315821	24.428000
8.725016	0.321095	24.584000
8.741579	0.318713	24.630000
8.758499	0.317284	24.676000
8.775110	0.313237	24.722000
8.791175	0.308694	24.767000
8.808141	0.303637	24.813000
8.825302	0.298771	24.859000
8.884713	0.275291	24.905000
8.901555	0.273333	25.068000
8.918755	0.272383	25.114000
8.935040	0.270375	25.160000
8.951779	0.266045	25.205000
8.968688	0.254022	25.251000
8.985398	0.241534	25.297000
9.001720	0.231232	25.342000
9.018282	0.223681	25.388000
9.035850	0.218165	25.434000
9.052669	0.215499	25.480000
9.187380	0.216735	25.526000
9.203904	0.190591	25.893000
9.220405	0.187164	25.939000
9.229024	0.176277	25.984000
9.295872	0.177685	26.145000
9.312880	0.182247	26.191000
9.329819	0.187649	26.237000
9.347393	0.188441	26.282000
9.364457	0.189222	26.328000
9.380731	0.184973	26.374000
9.397733	0.177115	26.420000
9.414605	0.173253	26.466000
9.430767	0.171225	26.511000
9.447677	0.173445	26.558000
9.506605	0.176529	26.603000
9.523127	0.194644	26.764000
9.540587	0.195315	26.810000
9.557413	0.193801	26.856000
9.574127	0.195890	26.902000
9.590684	0.201104	26.948000
9.606870	0.208332	26.994000
9.623832	0.212294	27.040000
9.640541	0.218467	27.085000
9.699282	0.243669	27.131000
9.715789	0.257307	27.287000
9.731914	0.267300	27.333000
9.748214	0.276254	27.378000
9.764978	0.285854	27.424000
9.782114	0.292310	27.470000
9.799023	0.298009	27.516000
9.816376	0.302763	27.562000
9.832648	0.306942	27.607000
9.849514	0.316622	27.653000
9.910355	0.316279	27.699000
9.927765	0.356464	27.864000
9.944066	0.371409	27.910000
9.960305	0.378223	27.956000
9.977243	0.391855	28.002000
9.993541	0.402153	28.048000
10.010693	0.403621	28.094000
10.027668	0.405888	28.139000
10.044769	0.409310	28.185000
10.101002	0.428795	28.231000
10.117157	0.433352	28.387000
10.133947	0.430680	28.432000
10.151131	0.429152	28.478000
10.168306	0.432459	28.523000
10.184671	0.438543	28.569000
10.201535	0.445296	28.615000
10.218605	0.445376	28.661000
10.234723	0.442666	28.707000
10.252050	0.440922	28.753000
10.312967	0.444883	28.799000
10.329836	0.471212	28.964000
10.346669	0.474320	29.010000
10.363296	0.470490	29.056000
10.379871	0.471252	29.102000
10.397456	0.465883	29.148000
10.413801	0.478419	29.194000
10.430471	0.482192	29.239000
10.447945	0.485715	29.286000
10.582438	0.482013	29.332000
10.599622	0.482142	29.700000
10.616232	0.482112	29.746000
10.632728	0.480576	29.792000
10.649373	0.478630	29.838000
10.666101	0.478872	29.883000
10.723948	0.479513	29.929000
10.740327	0.483967	30.085000
10.756765	0.480737	30.131000
10.773645	0.473722	30.177000
10.789886	0.472687	30.222000
10.807830	0.469856	30.268000
10.824776	0.464805	30.314000
10.841167	0.464987	30.360000
10.900944	0.465924	30.406000
10.918098	0.463121	30.568000
10.935120	0.460188	30.614000
10.951656	0.455592	30.660000
10.967959	0.452231	30.706000
10.984837	0.448668	30.751000
11.001082	0.443931	30.797000
11.018430	0.444072	30.843000
11.035594	0.445518	30.889000
11.052085	0.448057	30.934000
11.067907	0.450052	30.980000
11.203205	0.446823	31.026000
11.219652	0.407833	31.394000
11.236320	0.403318	31.440000
11.253139	0.402234	31.486000
11.311130	0.389345	31.532000
11.328352	0.386473	31.688000
11.345108	0.381550	31.734000
11.361400	0.377048	31.779000
11.378382	0.374629	31.825000
11.395142	0.370854	31.871000
11.411600	0.371167	31.917000
11.428968	0.371579	31.962000
11.445571	0.368016	32.008000
11.462325	0.366051	32.054000
11.522363	0.357579	32.100000
11.539452	0.343929	32.265000
11.556348	0.342086	32.310000
11.572732	0.339341	32.356000
11.588810	0.337191	32.402000
11.605787	0.345664	32.448000
11.622583	0.346949	32.493000
11.639922	0.348113	32.539000
11.656874	0.346157	32.585000
11.713479	0.328434	32.631000
11.730133	0.327419	32.787000
11.747005	0.327136	32.833000
11.763558	0.325799	32.879000
11.781043	0.323729	32.924000
11.797853	0.321448	32.970000
11.814624	0.312384	33.016000
11.831228	0.301234	33.061000
11.847677	0.291998	33.107000
11.864470	0.285305	33.153000
11.925707	0.281484	33.199000
11.941893	0.275705	33.365000
11.958477	0.271490	33.410000
11.975337	0.264414	33.456000
11.992141	0.262062	33.502000
12.009511	0.262334	33.548000
12.027015	0.259670	33.593000
12.043103	0.256263	33.639000
12.059482	0.253456	33.685000
12.116213	0.231717	33.730000
12.133187	0.232438	33.886000
12.150797	0.233795	33.932000
12.167277	0.235295	33.978000
12.184521	0.233795	34.024000
12.200776	0.233836	34.069000
12.217608	0.233644	34.115000
12.234708	0.229455	34.161000
12.251170	0.227208	34.207000
12.268638	0.226568	34.253000
12.329231	0.225573	34.298000
12.345581	0.234810	34.464000
12.362735	0.237294	34.511000
12.379857	0.237934	34.556000
12.397105	0.239847	34.602000
12.413438	0.241544	34.648000
12.429479	0.241443	34.693000
12.446539	0.247046	34.739000
12.463179	0.251306	34.785000
12.598543	0.294682	34.831000
12.615235	0.303656	35.200000
12.632044	0.309435	35.245000
12.648913	0.315598	35.291000
12.665960	0.318763	35.337000
12.683052	0.319625	35.383000
12.739388	0.321326	35.428000
12.756170	0.336473	35.584000
12.773030	0.336776	35.630000
12.789890	0.334071	35.676000
12.807461	0.330492	35.722000
12.824273	0.326000	35.768000
12.840655	0.322746	35.814000
12.857442	0.323841	35.860000
12.917332	0.326243	35.906000
12.933521	0.327297	36.069000
12.950299	0.325930	36.114000
12.967367	0.328524	36.160000
12.983924	0.332355	36.206000
13.000662	0.339351	36.252000
13.017945	0.344378	36.298000
13.034825	0.348883	36.344000
13.051391	0.349669	36.389000
13.068523	0.353052	36.435000
13.085061	0.360366	36.481000
13.220729	0.362826	36.527000
13.236973	0.401080	36.896000
13.253603	0.408987	36.942000
13.271240	0.410116	36.988000
13.328663	0.413745	37.033000
13.344687	0.416548	37.189000
13.361554	0.418584	37.235000
13.378253	0.422852	37.281000
13.394735	0.422187	37.327000
13.412064	0.421205	37.373000
13.429082	0.426426	37.419000
13.446167	0.431582	37.465000
13.462998	0.439485	37.510000
13.478699	0.444596	37.556000
13.539256	0.451147	37.602000
13.555663	0.468232	37.765000
13.572228	0.475278	37.811000
13.588785	0.485252	37.856000
13.605882	0.493331	37.902000
13.622933	0.498634	37.948000
13.639997	0.498271	37.994000
13.656904	0.496134	38.040000
13.673335	0.493513	38.086000
13.730356	0.499293	38.131000
13.747025	0.502187	38.287000
13.763836	0.503991	38.333000
13.780994	0.504757	38.379000
13.798046	0.504989	38.425000
13.815049	0.505155	38.470000
13.831022	0.503261	38.517000
13.847695	0.498543	38.562000
13.864287	0.499637	38.608000
13.881623	0.495190	38.654000
13.941899	0.503331	38.699000
13.958376	0.501945	38.864000
13.975827	0.498784	38.911000
13.992795	0.497630	38.956000
14.009915	0.499637	39.002000
14.027134	0.500261	39.048000
14.043420	0.501804	39.094000
14.059886	0.500952	39.140000
14.077075	0.495473	39.186000
14.134569	0.480076	39.231000
14.151259	0.476301	39.387000
14.167164	0.474522	39.433000
14.183833	0.470958	39.479000
14.200462	0.465863	39.524000
14.217016	0.456685	39.570000
14.233887	0.450823	39.616000
14.251626	0.449558	39.661000
14.268410	0.449487	39.707000
14.285618	0.450955	39.753000
14.345465	0.450753	39.799000
14.362287	0.453655	39.965000
14.379851	0.450823	40.011000
14.396559	0.443077	40.057000
14.413177	0.434867	40.102000
14.429401	0.431112	40.148000
14.446259	0.433612	40.194000
14.462893	0.442747	40.240000
14.480058	0.449089	40.286000
14.615123	0.458696	40.332000
14.631914	0.459327	40.700000
14.648912	0.470118	40.745000
14.665655	0.481619	40.791000
14.682171	0.494981	40.837000
14.698625	0.498956	40.883000
14.755216	0.500418	40.928000
14.772549	0.494526	41.085000
14.789616	0.492832	41.130000
14.806181	0.495021	41.176000
14.822858	0.495781	41.222000
14.839280	0.492167	41.267000
14.856508	0.489228	41.313000
14.872794	0.486458	41.359000
14.933309	0.503362	41.404000
14.950236	0.506023	41.569000
14.967099	0.508442	41.615000
14.983980	0.511712	41.660000
15.000387	0.516511	41.706000
15.017123	0.517050	41.752000
15.033734	0.519560	41.798000
15.050237	0.527332	41.844000
15.066841	0.534076	41.889000
15.084094	0.540138	41.935000
15.100521	0.539655	41.981000
15.235704	0.530220	42.027000
15.253093	0.535794	42.395000
15.269703	0.535311	42.440000
15.286186	0.531586	42.486000
15.342857	0.509383	42.532000
15.359952	0.510115	42.687000
15.376768	0.513546	42.733000
15.393786	0.512392	42.779000
15.410287	0.510014	42.825000
15.427094	0.503210	42.871000
15.443560	0.495342	42.916000
15.460678	0.489430	42.962000
15.477165	0.486709	43.008000
15.494456	0.489209	43.054000
15.555182	0.489919	43.100000
15.571843	0.481739	43.265000
15.588096	0.480167	43.311000
15.605343	0.480535	43.357000
15.622395	0.478720	43.403000
15.639460	0.475847	43.448000
15.655842	0.470797	43.494000
15.672646	0.464935	43.540000
15.689416	0.464256	43.586000
15.746262	0.455450	43.632000
15.762944	0.452990	43.787000
15.779691	0.448567	43.833000
15.796985	0.443749	43.879000
15.813116	0.441208	43.925000
15.829647	0.436002	43.971000
15.847070	0.432107	44.017000
15.864058	0.425443	44.063000
15.880783	0.417328	44.109000
15.898160	0.413367	44.154000
15.958137	0.409280	44.201000
15.974885	0.380244	44.365000
15.992045	0.377582	44.411000
16.009095	0.374962	44.457000
16.025542	0.368018	44.502000
16.042433	0.364192	44.548000
16.058861	0.360426	44.594000
16.075745	0.358793	44.640000
16.092491	0.357095	44.686000
16.150027	0.357771	44.732000
16.166475	0.354157	44.888000
16.183143	0.351414	44.933000
16.199647	0.353154	44.979000
16.216577	0.355517	45.025000
16.233498	0.358148	45.071000
16.250688	0.361303	45.117000
16.268452	0.357771	45.162000
16.284372	0.355280	45.208000
16.301009	0.357835	45.254000
16.361476	0.363048	45.300000
16.378940	0.377301	45.465000
16.395018	0.383112	45.511000
16.411053	0.388464	45.556000
16.428537	0.394356	45.602000
16.445193	0.402113	45.648000
16.462125	0.412385	45.694000
16.478873	0.421336	45.739000
16.495884	0.427248	45.784000
16.630737	0.413675	45.830000
16.647462	0.409200	46.199000
16.664185	0.408508	46.245000
16.680426	0.405960	46.291000
16.697642	0.403147	46.336000
16.714187	0.403046	46.382000
16.771964	0.399245	46.427000
16.788801	0.389426	46.584000
16.805142	0.387820	46.630000
16.821920	0.381186	46.675000
16.838889	0.377855	46.721000
16.855789	0.371852	46.767000
16.873085	0.361071	46.813000
16.890334	0.359546	46.859000
16.949948	0.326945	46.904000
16.966894	0.319420	47.069000
16.984160	0.311319	47.115000
17.000388	0.303324	47.160000
17.016955	0.298761	47.206000
17.033811	0.288878	47.252000
17.050474	0.282822	47.298000
17.067326	0.276346	47.344000
17.084370	0.268836	47.390000
17.101081	0.262284	47.435000
17.117470	0.259110	47.481000
17.252832	0.254602	47.527000
17.269051	0.228718	47.895000
17.285857	0.222309	47.941000
17.302382	0.219361	47.986000
17.359828	0.226810	48.032000
17.377046	0.235315	48.189000
17.394328	0.247596	48.235000
17.411299	0.258099	48.280000
17.427538	0.264676	48.326000
17.443887	0.265246	48.372000
17.460360	0.262163	48.418000
17.477263	0.264110	48.463000
17.494390	0.270536	48.509000
17.511409	0.279253	48.555000
17.571309	0.281342	48.601000
17.588088	0.292951	48.765000
17.605145	0.292729	48.811000
17.621735	0.296418	48.857000
17.638391	0.302915	48.903000
17.655237	0.308684	48.948000
17.672124	0.316684	48.994000
17.688633	0.321306	49.040000
17.705322	0.324325	49.085000
17.762838	0.332285	49.132000
17.779702	0.341134	49.288000
17.796202	0.347881	49.334000
17.813493	0.347150	49.380000
17.830702	0.345169	49.426000
17.847126	0.342138	49.471000
17.864279	0.340437	49.517000
17.881384	0.339007	49.563000
17.898374	0.343021	49.609000
17.914600	0.344650	49.654000
17.975159	0.347578	49.700000
17.992272	0.328443	49.865000
18.008936	0.332376	49.911000
18.025637	0.334839	49.957000
18.041901	0.341855	50.002000
18.058407	0.344680	50.048000
18.075787	0.344207	50.094000
18.092729	0.340164	50.140000
18.109039	0.336504	50.185000
18.165766	0.345123	50.231000
18.182165	0.342612	50.387000
18.199320	0.335010	50.432000
18.216160	0.325950	50.478000
18.233460	0.318395	50.524000
18.250757	0.313988	50.570000
18.267248	0.312721	50.616000
18.283894	0.311919	50.661000
18.300511	0.310389	50.707000
18.317255	0.311358	50.753000
18.378829	0.313135	50.799000
18.395258	0.329973	50.965000
18.411654	0.334536	51.011000
18.428614	0.335631	51.057000
18.445010	0.331219	51.103000
18.462517	0.327348	51.148000
18.479411	0.324406	51.194000
18.496136	0.317455	51.240000
18.512213	0.314866	51.285000
18.647550	0.325017	51.332000
18.664079	0.329398	51.700000
18.681424	0.333016	51.746000
18.697828	0.334041	51.792000
18.714926	0.338690	51.838000
18.732339	0.342249	51.883000
18.788493	0.350503	51.929000
18.805385	0.365507	52.085000
18.822579	0.367856	52.131000
18.839139	0.375662	52.177000
18.855791	0.376469	52.223000
18.873455	0.386423	52.269000
18.890620	0.393091	52.314000
18.906740	0.393559	52.360000
18.967082	0.401262	52.406000
18.983223	0.395803	52.569000
18.999408	0.404975	52.615000
19.016580	0.405565	52.661000
19.033184	0.418135	52.706000
19.049635	0.422842	52.752000
19.067099	0.420635	52.798000
19.083805	0.418266	52.844000
19.100380	0.417712	52.889000
19.116763	0.419068	52.935000
19.133594	0.424576	52.981000
19.269076	0.428704	53.026000
19.285676	0.458933	53.395000
19.302722	0.466383	53.441000
19.319259	0.473641	53.487000
19.376837	0.488407	53.533000
19.393560	0.491043	53.688000
19.409841	0.492419	53.734000
19.426560	0.493442	53.780000
19.443245	0.497802	53.826000
19.459534	0.504999	53.871000
19.476739	0.510468	53.917000
19.493900	0.512796	53.963000
19.511017	0.517312	54.009000
19.527108	0.520083	54.054000
19.588128	0.522452	54.100000
19.604932	0.537336	54.265000
19.621829	0.544341	54.311000
19.638086	0.552763	54.357000
19.655333	0.549584	54.403000
19.671972	0.548408	54.449000
19.688591	0.542910	54.495000
19.705518	0.537427	54.541000
19.722803	0.534694	54.587000
19.779694	0.523517	54.632000
19.797070	0.516782	54.788000
19.813328	0.515537	54.834000
19.830399	0.515044	54.880000
19.847408	0.515966	54.926000
19.864896	0.515750	54.972000
19.881088	0.519101	55.017000
19.897727	0.520804	55.063000
19.914279	0.520447	55.109000
19.930512	0.519539	55.155000
19.991421	0.515649	55.201000
20.008453	0.507196	55.365000
20.024996	0.504384	55.411000
20.041469	0.499728	55.457000
20.058173	0.493462	55.503000
20.076550	0.488664	55.549000
20.092973	0.488094	55.595000
20.110144	0.486194	55.641000
20.126919	0.479411	55.686000
20.182545	0.480211	55.732000
20.199253	0.481109	55.888000
20.217109	0.478267	55.934000
20.234064	0.471352	55.980000
20.251031	0.463373	56.026000
20.267247	0.461055	56.072000
20.283786	0.460309	56.118000
20.300784	0.457990	56.163000
20.317595	0.459668	56.209000
20.334015	0.469602	56.255000
20.394862	0.473671	56.301000
20.411502	0.478599	56.465000
20.428235	0.478378	56.511000
20.445625	0.476442	56.557000
20.462154	0.474451	56.603000
20.479236	0.468994	56.648000
20.495732	0.467098	56.694000
20.511891	0.460032	56.740000
20.528940	0.457178	56.786000
20.664132	0.412914	56.832000
20.681299	0.414854	57.201000
20.698216	0.409783	57.246000
20.715379	0.404664	57.292000
20.732271	0.398590	57.338000
20.748216	0.390168	57.384000
20.805314	0.390521	57.430000
20.822271	0.390178	57.585000
20.839302	0.383535	57.631000
20.856063	0.384569	57.677000
20.873140	0.375793	57.722000
20.889882	0.377059	57.768000
20.906255	0.371771	57.814000
20.922564	0.367074	57.860000
20.983011	0.356345	57.905000
20.999859	0.360790	58.070000
21.016396	0.367164	58.115000
21.033219	0.370002	58.161000
21.050274	0.366570	58.207000
21.067662	0.364573	58.253000
21.084562	0.365497	58.299000
21.100614	0.369250	58.345000
21.116932	0.379859	58.391000
21.133878	0.386337	58.436000
21.150849	0.393862	58.482000
21.285513	0.396724	58.528000
21.302741	0.430902	58.895000
21.319589	0.433008	58.941000
21.336412	0.438582	58.987000
21.392703	0.439153	59.033000
21.409675	0.445699	59.188000
21.426518	0.451066	59.234000
21.443033	0.451721	59.280000
21.460177	0.459729	59.326000
21.477102	0.464296	59.372000
21.494028	0.469915	59.418000
21.510423	0.483538	59.463000
21.527384	0.487792	59.509000
21.544263	0.496023	59.555000
21.604954	0.497500	59.601000
21.621677	0.507368	59.766000
21.638174	0.510084	59.811000
21.655694	0.510699	59.857000
21.672023	0.510215	59.903000
21.689217	0.510598	59.949000
21.706136	0.513486	59.994000
21.722940	0.514555	60.040000
21.739298	0.515845	60.086000
21.795485	0.515256	60.132000
21.812423	0.514701	60.288000
21.829438	0.514640	60.334000
21.846626	0.519151	60.380000
21.863512	0.524115	60.425000
21.880562	0.529449	60.471000
21.897054	0.530793	60.517000
21.913403	0.535460	60.563000
21.929694	0.533995	60.609000
21.947671	0.529439	60.654000
22.008197	0.525401	60.700000
22.025057	0.541675	60.866000
22.041465	0.545006	60.911000
22.058922	0.545758	60.957000
22.075670	0.548519	61.003000
22.092629	0.550999	61.048000
22.108995	0.553735	61.094000
22.125437	0.557905	61.140000
22.141903	0.562420	61.186000
22.199373	0.577155	61.231000
22.216554	0.576711	61.387000
22.233572	0.570952	61.433000
22.249944	0.570009	61.479000
22.265851	0.573193	61.525000
22.282554	0.576529	61.571000
22.299593	0.575202	61.617000
22.317184	0.575656	61.662000
22.334201	0.572391	61.708000
22.350776	0.571104	61.754000
22.411298	0.571421	61.800000
22.428029	0.583227	61.965000
22.444990	0.590712	62.012000
22.462038	0.593933	62.057000
22.478798	0.593569	62.103000
22.495200	0.591500	62.149000
22.511867	0.588471	62.195000
22.528156	0.590010	62.240000
22.545936	0.595789	62.286000
22.680433	0.616075	62.332000
22.697419	0.618164	62.700000
22.714059	0.621294	62.746000
22.730266	0.630949	62.791000
22.746614	0.636623	62.837000
22.763122	0.638944	62.883000
22.821493	0.639908	62.929000
22.838720	0.638479	63.084000
22.854423	0.640292	63.130000
22.871113	0.641796	63.176000
22.888038	0.639423	63.222000
22.904647	0.639766	63.267000
22.921188	0.634891	63.313000
22.938866	0.634361	63.359000
22.999079	0.642860	63.405000
23.015750	0.643052	63.570000
23.032585	0.646742	63.616000
23.049749	0.651729	63.662000
23.066876	0.653798	63.707000
23.083040	0.659219	63.753000
23.099807	0.661389	63.799000
23.116432	0.663044	63.845000
23.133490	0.663590	63.891000
23.149621	0.665902	63.937000
23.167281	0.668233	63.982000
23.302257	0.673484	64.028000
23.318966	0.664988	64.397000
23.335781	0.660082	64.442000
23.352583	0.650553	64.488000
23.409489	0.645727	64.534000
23.426258	0.643203	64.690000
23.443098	0.644935	64.735000
23.460484	0.643577	64.781000
23.477245	0.629172	64.827000
23.493580	0.633674	64.873000
23.510355	0.632407	64.919000
23.527528	0.637434	64.964000
23.544193	0.641674	65.010000
23.560768	0.640447	65.056000
23.620655	0.639575	65.101000
23.637964	0.624882	65.266000
23.655016	0.622545	65.311000
23.671597	0.628546	65.357000
23.688477	0.631807	65.403000
23.705225	0.631807	65.449000
23.721622	0.625603	65.495000
23.738235	0.619723	65.540000
23.755156	0.615963	65.586000
23.812219	0.630888	65.632000
23.829615	0.632195	65.787000
23.846157	0.626972	65.833000
23.862665	0.623484	65.879000
23.879678	0.624397	65.925000
23.896240	0.624407	65.971000
23.912400	0.630813	66.016000
23.930118	0.636481	66.062000
23.947112	0.640009	66.108000
23.963458	0.643648	66.154000
24.023708	0.643224	66.199000
24.041372	0.643945	66.366000
24.058530	0.641765	66.412000
24.075226	0.638328	66.458000
24.091340	0.631454	66.503000
24.108026	0.629031	66.549000
24.124782	0.628576	66.595000
24.141052	0.628485	66.641000
24.158057	0.630177	66.686000
24.215472	0.628158	66.732000
24.232402	0.625765	66.888000
24.248684	0.623822	66.933000
24.265028	0.627754	66.979000
24.282437	0.632286	67.025000
24.299204	0.630948	67.071000
24.316763	0.629314	67.116000
24.333165	0.628087	67.162000
24.349542	0.620132	67.208000
24.365935	0.614575	67.254000
24.428025	0.609861	67.299000
24.445004	0.623232	67.466000
24.461391	0.623646	67.512000
24.478029	0.622767	67.558000
24.494520	0.618841	67.603000
24.511462	0.620789	67.649000
24.528331	0.623660	67.695000
24.545667	0.633105	67.741000
24.562201	0.644481	67.787000
24.697572	0.673872	67.832000
24.713688	0.681878	68.200000
24.730096	0.686738	68.246000
24.746658	0.689565	68.292000
24.763176	0.688348	68.338000
24.780817	0.684951	68.383000
24.838155	0.682367	68.430000
24.854685	0.682741	68.586000
24.871718	0.683968	68.632000
24.888374	0.682095	68.677000
24.904547	0.677946	68.723000
24.921724	0.670485	68.768000
24.939655	0.663560	68.814000
24.956130	0.660527	68.860000
25.015786	0.642301	68.906000
25.032617	0.633553	69.070000
25.049941	0.620950	69.116000
25.066707	0.617129	69.162000
25.082913	0.616307	69.207000
25.099375	0.617675	69.253000
25.116305	0.619522	69.299000
25.133026	0.617018	69.345000
25.149784	0.618750	69.391000
25.166701	0.617079	69.436000
25.183643	0.624670	69.482000
25.319110	0.628920	69.528000
25.335560	0.640437	69.896000
25.351941	0.643749	69.942000
25.368809	0.642705	69.988000
25.426319	0.631514	70.033000
25.443215	0.631635	70.189000
25.460180	0.634901	70.234000
25.476575	0.642502	70.280000
25.493177	0.653298	70.326000
25.509660	0.658269	70.372000
25.527061	0.665709	70.418000
25.543753	0.669177	70.464000
25.560549	0.670595	70.510000
25.577449	0.670959	70.556000
25.637814	0.676073	70.601000
25.655012	0.677925	70.766000
25.671312	0.675765	70.812000
25.688196	0.671211	70.858000
25.704318	0.667380	70.904000
25.721256	0.674256	70.949000
25.738302	0.677279	70.995000
25.754760	0.678657	71.041000
25.771833	0.674003	71.087000
25.829309	0.674225	71.133000
25.846308	0.675230	71.289000
25.862903	0.675452	71.335000
25.879714	0.677410	71.381000
25.896220	0.678960	71.426000
25.913020	0.686046	71.472000
25.930200	0.693587	71.518000
25.947115	0.698730	71.564000
25.963366	0.701445	71.609000
25.980479	0.699619	71.655000
26.040917	0.700805	71.701000
26.057502	0.718293	71.866000
26.074632	0.726111	71.912000
26.090990	0.725572	71.958000
26.107869	0.727590	72.004000
26.124957	0.725592	72.050000
26.141611	0.722704	72.095000
26.158798	0.721993	72.141000
26.175714	0.722997	72.187000
26.232216	0.745544	72.233000
26.249191	0.748870	72.389000
26.265906	0.752247	72.434000
26.283000	0.755491	72.481000
26.300095	0.758207	72.527000
26.317258	0.756501	72.572000
26.334035	0.753665	72.618000
26.350635	0.748587	72.664000
26.366588	0.741996	72.710000
26.383317	0.737443	72.756000
26.444179	0.742919	72.802000
26.460914	0.747845	72.966000
26.477276	0.752903	73.012000
26.493645	0.758581	73.058000
26.511045	0.761604	73.104000
26.528348	0.762099	73.149000
26.545261	0.758440	73.195000
26.561940	0.761624	73.241000
26.578893	0.758328	73.287000
26.714051	0.777666	73.333000
26.730209	0.777988	73.701000
26.746907	0.781844	73.747000
26.763696	0.786609	73.793000
26.781158	0.790202	73.839000
26.797953	0.793417	73.884000
26.854480	0.791700	73.930000
26.871581	0.793988	74.086000
26.888306	0.797299	74.132000
26.905433	0.798614	74.178000
26.922206	0.794869	74.223000
26.939399	0.793907	74.269000
26.955477	0.791872	74.315000
26.972135	0.790937	74.361000
27.032398	0.753372	74.406000
27.049303	0.745281	74.570000
27.065573	0.735631	74.616000
27.082300	0.725794	74.662000
27.098587	0.716204	74.708000
27.115535	0.708249	74.754000
27.132753	0.698443	74.799000
27.150057	0.701697	74.845000
27.167079	0.698160	74.891000
27.183161	0.688640	74.937000
27.199699	0.683134	74.983000
27.334394	0.676194	75.028000
27.351463	0.638449	75.396000
27.368428	0.641033	75.442000
27.385264	0.643052	75.488000
27.442395	0.647675	75.533000
27.459172	0.647533	75.689000
27.475487	0.661672	75.735000
27.492654	0.669581	75.780000
27.509567	0.667249	75.826000
27.526671	0.654974	75.872000
27.543632	0.643264	75.918000
27.559656	0.638399	75.964000
27.576734	0.635986	76.009000
27.593075	0.643164	76.055000
27.654212	0.656210	76.101000
27.670367	0.645152	76.266000
27.687418	0.642411	76.312000
27.703947	0.644541	76.358000
27.720584	0.645434	76.403000
27.737545	0.657063	76.449000
27.755334	0.659628	76.495000
27.771354	0.661541	76.541000
27.788202	0.657609	76.586000
27.844837	0.659778	76.632000
27.862148	0.659677	76.788000
27.878592	0.659128	76.834000
27.895711	0.658114	76.880000
27.912513	0.660612	76.926000
27.929203	0.658144	76.972000
27.945799	0.655499	77.017000
27.962480	0.648493	77.063000
27.979230	0.642391	77.109000
27.995917	0.642552	77.154000
28.057179	0.642850	77.200000
28.074019	0.645717	77.366000
28.090723	0.642199	77.412000
28.107922	0.644945	77.458000
28.124768	0.645273	77.504000
28.141889	0.654393	77.549000
28.158187	0.656180	77.595000
28.175041	0.659037	77.641000
28.191660	0.659516	77.687000
28.248453	0.646121	77.732000
28.265345	0.645172	77.888000
28.283228	0.645879	77.934000
28.299423	0.646000	77.979000
28.316482	0.645818	78.026000
28.333140	0.647025	78.071000
28.349638	0.649987	78.117000
28.366194	0.650421	78.163000
28.383105	0.653259	78.209000
28.400702	0.654576	78.255000
28.460514	0.656513	78.301000
28.477183	0.641529	78.466000
28.494235	0.643729	78.512000
28.511649	0.646611	78.558000
28.528691	0.648423	78.604000
28.544537	0.649387	78.649000
28.561650	0.649266	78.695000
28.578294	0.647449	78.741000
28.594819	0.643860	78.787000
28.729441	0.663276	78.832000
28.746800	0.661632	79.200000
28.763830	0.662323	79.246000
28.780476	0.662717	79.292000
28.797126	0.668102	79.338000
28.814320	0.673414	79.383000
28.870294	0.673792	79.429000
28.887582	0.679570	79.585000
28.904349	0.687243	79.631000
28.921047	0.689787	79.676000
28.938018	0.695647	79.722000
28.954184	0.697675	79.768000
28.970757	0.696620	79.814000
28.988275	0.696358	79.860000
29.048944	0.710061	79.906000
29.065588	0.709728	80.070000
29.082050	0.706311	80.117000
29.099201	0.704383	80.162000
29.116520	0.705478	80.208000
29.133898	0.713074	80.254000
29.150164	0.723972	80.299000
29.166649	0.733197	80.345000
29.182665	0.740951	80.391000
29.199780	0.742026	80.436000
29.216238	0.739370	80.482000
29.351534	0.728322	80.528000
29.368908	0.696489	80.896000
29.386144	0.709556	80.942000
29.402754	0.706493	80.988000
29.459154	0.719878	81.034000
29.475333	0.721922	81.189000
29.492158	0.710611	81.235000
29.509527	0.701182	81.280000
29.526928	0.691674	81.326000
29.542865	0.687323	81.372000
29.560111	0.686747	81.418000
29.576671	0.687646	81.464000
29.593651	0.692512	81.510000
29.610151	0.700188	81.556000
29.670641	0.702268	81.601000
29.688050	0.675200	81.766000
29.704673	0.673453	81.812000
29.721029	0.682882	81.858000
29.738169	0.692543	81.904000
29.755463	0.700693	81.950000
29.771600	0.705095	81.996000
29.788025	0.707154	82.041000
29.804829	0.706573	82.087000
29.862353	0.711616	82.133000
29.879458	0.716063	82.289000
29.896189	0.721277	82.335000
29.913289	0.720585	82.381000
29.929691	0.718995	82.427000
29.946274	0.718833	82.473000
29.963148	0.718732	82.518000
29.979845	0.718092	82.564000
29.996712	0.713812	82.610000
30.013233	0.705580	82.656000
30.073752	0.700199	82.701000
30.090728	0.700805	82.866000
30.108045	0.701274	82.912000
30.124098	0.696590	82.958000
30.140826	0.692593	83.004000
30.157745	0.688803	83.050000
30.174422	0.694289	83.096000
30.190704	0.695414	83.142000
30.208162	0.697075	83.187000
30.265681	0.708013	83.233000
30.282953	0.709168	83.389000
30.299138	0.712656	83.435000
30.315809	0.719500	83.481000
30.332513	0.727318	83.527000
30.348860	0.732598	83.572000
30.365496	0.734728	83.618000
30.382886	0.737100	83.664000
30.400183	0.738367	83.710000
30.416470	0.738337	83.756000
30.476622	0.739927	83.802000
30.494471	0.740496	83.966000
30.511131	0.759858	84.012000
30.527560	0.772431	84.058000
30.543683	0.774465	84.104000
30.560625	0.775368	84.149000
30.577523	0.776024	84.195000
30.594137	0.780156	84.241000
30.611832	0.784003	84.287000
30.746878	0.815820	84.332000
30.763211	0.817464	84.701000
30.779623	0.825896	84.746000
30.796734	0.829459	84.792000
30.813565	0.834076	84.838000
30.829639	0.843496	84.884000
30.887774	0.855390	84.930000
30.904497	0.874669	85.085000
30.921327	0.874129	85.131000
30.937610	0.876997	85.177000
30.954693	0.883402	85.222000
30.971187	0.885992	85.268000
30.987991	0.888049	85.314000
31.005154	0.883170	85.360000
31.064904	0.893557	85.405000
31.081888	0.902191	85.571000
31.099209	0.908708	85.617000
31.116203	0.914907	85.663000
31.132849	0.920279	85.708000
31.149885	0.923863	85.755000
31.165940	0.926484	85.800000
31.182196	0.929089	85.846000
31.198898	0.931680	85.892000
31.215817	0.934971	85.937000
31.233087	0.932093	85.983000
31.367980	0.928279	86.029000
31.385222	0.939678	86.396000
31.401758	0.944729	86.442000
31.417784	0.951114	86.488000
31.474895	0.972675	86.534000
31.491966	0.970876	86.689000
31.509188	0.971622	86.735000
31.526084	0.978043	86.781000
31.542784	0.984036	86.827000
31.559244	0.989614	86.873000
31.576248	0.989115	86.919000
31.592959	0.987589	86.965000
31.609461	0.990900	87.011000
31.627045	0.999276	87.056000
31.686369	1.005712	87.102000
31.703263	1.041093	87.266000
31.719815	1.046433	87.312000
31.737326	1.046509	87.358000
31.753641	1.047367	87.404000
31.770418	1.051566	87.450000
31.786650	1.059501	87.496000
31.804035	1.063973	87.541000
31.820885	1.068252	87.587000
31.878181	1.076464	87.633000
31.895153	1.087493	87.788000
31.911563	1.091092	87.834000
31.928534	1.091274	87.880000
31.945167	1.089755	87.926000
31.961506	1.088038	87.971000
31.979268	1.090128	88.017000
31.996554	1.094781	88.063000
32.013231	1.095826	88.109000
32.029672	1.101191	88.154000
32.090480	1.103565	88.200000
32.107778	1.112251	88.367000
32.124157	1.118000	88.412000
32.140236	1.126495	88.458000
32.156800	1.131088	88.504000
32.173742	1.136867	88.549000
32.190221	1.143020	88.595000
32.207649	1.146200	88.641000
32.224649	1.152620	88.687000
32.281595	1.176746	88.732000
32.298594	1.173747	88.888000
32.315794	1.172662	88.934000
32.332432	1.177962	88.980000
32.349044	1.185315	89.026000
32.365571	1.194406	89.071000
32.383032	1.200225	89.117000
32.399474	1.207815	89.163000
32.415840	1.218032	89.209000
32.433070	1.229512	89.255000
32.493950	1.240425	89.301000
32.510708	1.289298	89.466000
32.526970	1.302780	89.512000
32.543785	1.312975	89.558000
32.560719	1.323979	89.603000
32.577458	1.335962	89.649000
32.594066	1.352020	89.695000
32.611050	1.373229	89.741000
32.627746	1.378681	89.787000
32.762521	1.436520	89.832000
32.779452	1.447650	90.201000
32.796102	1.457567	90.247000
32.813374	1.467389	90.293000
32.830151	1.476016	90.338000
32.847570	1.482425	90.384000
32.904577	1.486590	90.430000
32.920862	1.509247	90.585000
32.937274	1.516242	90.631000
32.953886	1.527972	90.677000
32.970951	1.537209	90.723000
32.987574	1.545280	90.768000
33.004815	1.551655	90.814000
33.021239	1.563738	90.860000
33.081608	1.593209	90.906000
33.098684	1.601502	91.071000
33.115615	1.610269	91.117000
33.132076	1.613171	91.163000
33.148965	1.619769	91.209000
33.165703	1.629615	91.254000
33.182161	1.634491	91.300000
33.199541	1.638502	91.346000
33.216641	1.656531	91.392000
33.233828	1.661969	91.438000
33.250432	1.675582	91.484000
33.385611	1.673294	91.530000
33.401462	1.754045	91.898000
33.418016	1.757871	91.944000
33.435081	1.767674	91.989000
33.492350	1.807032	92.035000
33.509488	1.817881	92.191000
33.525685	1.827025	92.236000
33.542231	1.835839	92.283000
33.559319	1.834817	92.328000
33.575873	1.820250	92.374000
33.592995	1.806527	92.420000
33.610399	1.799845	92.466000
33.627244	1.792960	92.511000
33.643994	1.797037	92.557000
33.703718	1.803891	92.603000
33.721236	1.823361	92.767000
33.737537	1.834283	92.812000
33.754018	1.847342	92.858000
33.770818	1.861377	92.904000
33.787314	1.872487	92.950000
33.803830	1.886407	92.996000
33.821282	1.897092	93.041000
33.838178	1.908485	93.087000
33.895082	1.959477	93.133000
33.912212	1.970763	93.289000
33.928482	1.983659	93.334000
33.945393	1.999482	93.380000
33.962673	2.010838	93.426000
33.979715	2.024991	93.472000
33.996104	2.040865	93.518000
34.012428	2.053539	93.564000
34.029178	2.066753	93.609000
34.046339	2.077823	93.655000
34.106930	2.088262	93.701000
34.123185	2.135190	93.867000
34.140365	2.149000	93.912000
34.157134	2.163385	93.958000
34.174103	2.177657	94.004000
34.190930	2.193567	94.050000
34.208371	2.209424	94.096000
34.224683	2.225104	94.142000
34.241276	2.238676	94.188000
34.298444	2.270404	94.233000
34.315179	2.284873	94.390000
34.331933	2.297142	94.435000
34.349201	2.296380	94.481000
34.366397	2.303093	94.527000
34.383089	2.312042	94.573000
34.399197	2.320012	94.619000
34.416193	2.329046	94.665000
34.432859	2.338178	94.711000
34.449432	2.349958	94.757000
34.509624	2.368042	94.802000
34.526751	2.431578	94.967000
34.543185	2.450698	95.013000
34.560346	2.450597	95.058000
34.577327	2.471502	95.104000
34.594442	2.473834	95.150000
34.610715	2.490268	95.196000
34.627473	2.498617	95.242000
34.644119	2.515518	95.288000
34.779221	2.654758	95.333000
34.796263	2.665055	95.702000
34.813428	2.669626	95.748000
34.830216	2.671965	95.794000
34.847746	2.673200	95.840000
34.864381	2.680755	95.886000
34.921254	2.690392	95.932000
34.937316	2.743380	96.088000
34.954112	2.755726	96.134000
34.971043	2.771529	96.179000
34.988330	2.788815	96.225000
35.005138	2.805916	96.271000
35.021930	2.826262	96.316000
35.038619	2.846376	96.362000
35.098534	2.900110	96.408000
35.115257	2.901508	96.571000
35.131561	2.908685	96.617000
35.148984	2.916287	96.663000
35.165184	2.924902	96.708000
35.182115	2.935781	96.754000
35.200021	2.949543	96.800000
35.216256	2.970327	96.846000
35.232806	2.992816	96.891000
35.249791	3.014986	96.937000
35.266145	3.047318	96.983000
35.401285	3.070604	97.029000
35.417912	3.273788	97.397000
35.434616	3.295259	97.443000
35.452269	3.309321	97.489000
35.508881	3.310547	97.534000
35.524885	3.310436	97.690000
35.541589	3.308478	97.736000
35.558719	3.309699	97.782000
35.575508	3.310244	97.827000
35.592181	3.336480	97.873000
35.609726	3.364292	97.919000
35.626345	3.392164	97.965000
35.643299	3.420962	98.010000
35.660095	3.448063	98.056000
35.720756	3.472763	98.102000
35.737210	3.533833	98.267000
35.753261	3.547084	98.312000
35.770441	3.564468	98.358000
35.787041	3.581220	98.404000
35.804056	3.602488	98.450000
35.821098	3.625786	98.495000
35.837998	3.646984	98.540000
35.854356	3.664887	98.586000
35.910764	3.719723	98.632000
35.927879	3.737787	98.787000
35.944686	3.762605	98.833000
35.961801	3.783794	98.879000
35.977817	3.809934	98.925000
35.994479	3.827192	98.970000
36.011440	3.843753	99.016000
36.028359	3.853299	99.061000
36.044867	3.860638	99.107000
36.062116	3.876625	99.153000
36.123257	3.889043	99.199000
36.139954	3.959977	99.367000
36.156857	3.988211	99.412000
36.174014	4.015596	99.458000
36.190864	4.036754	99.504000
36.207537	4.054828	99.549000
36.224141	4.068179	99.595000
36.240661	4.088383	99.641000
36.257676	4.108396	99.687000
36.315052	4.163180	99.733000
36.331936	4.183243	99.889000
36.348471	4.209786	99.935000
36.365167	4.241278	99.980000
36.382194	4.271080	100.026000
36.398517	4.296294	100.072000
36.415129	4.317634	100.118000
36.432086	4.330853	100.164000
36.448975	4.357762	100.210000
36.466051	4.377806	100.256000
36.526343	4.397658	100.302000
36.543600	4.505498	100.467000
36.560581	4.549536	100.513000
36.577388	4.588261	100.559000
36.594534	4.618135	100.604000
36.611687	4.639923	100.650000
36.628241	4.664774	100.696000
36.644810	4.694832	100.742000
36.661614	4.728671	100.787000
36.796367	5.006192	100.833000
36.812982	5.046489	101.201000
36.829936	5.071014	101.247000
36.846628	5.069737	101.293000
36.863151	5.056963	101.338000
36.880097	5.051072	101.384000
36.936713	5.059935	101.429000
36.954204	5.110856	101.586000
36.971453	5.136893	101.631000
36.987915	5.168330	101.677000
37.004427	5.207327	101.723000
37.021388	5.257825	101.769000
37.037470	5.305100	101.815000
37.054216	5.352329	101.860000
37.114846	5.522195	101.906000
37.131557	5.571298	102.071000
37.148511	5.617217	102.117000
37.164784	5.659688	102.163000
37.181884	5.692055	102.209000
37.198738	5.726100	102.255000
37.215088	5.763238	102.300000
37.232038	5.803085	102.346000
37.249710	5.850461	102.392000
37.266060	5.895028	102.438000
37.282480	5.929071	102.483000
37.417547	5.954117	102.529000
37.434455	6.218767	102.897000
37.451181	6.255804	102.943000
37.467893	6.289037	102.989000
37.524040	6.436597	103.034000
37.541220	6.489466	103.190000
37.557743	6.532175	103.236000
37.575081	6.570626	103.282000
37.592346	6.610372	103.328000
37.608796	6.645370	103.373000
37.625058	6.678622	103.419000
37.641793	6.713395	103.465000
37.658462	6.753192	103.510000
37.675473	6.802181	103.556000
37.736065	6.826689	103.602000
37.752384	6.901085	103.767000
37.769749	6.938515	103.813000
37.786633	6.971196	103.859000
37.803887	7.001576	103.905000
37.820487	7.032431	103.950000
37.837237	7.068431	103.996000
37.853841	7.113474	104.042000
37.870368	7.165987	104.087000
37.927448	7.286895	104.133000
37.944732	7.332507	104.289000
37.961828	7.387449	104.335000
37.978416	7.454038	104.381000
37.994452	7.524310	104.427000
38.011394	7.589649	104.472000
38.028009	7.646208	104.518000
38.044982	7.697140	104.563000
38.062427	7.739870	104.609000
38.079542	7.768846	104.655000
38.139250	7.801761	104.701000
38.156542	7.993619	104.867000
38.173227	8.028149	104.913000
38.191010	8.061370	104.959000
38.207195	8.104068	105.004000
38.223511	8.160811	105.050000
38.240111	8.225131	105.096000
38.256742	8.290606	105.142000
38.274041	8.327160	105.187000
38.331571	8.345700	105.233000
38.347948	8.393316	105.389000
38.364575	8.452355	105.435000
38.381310	8.520605	105.481000
38.398144	8.591513	105.527000
38.414476	8.668489	105.573000
38.432205	8.747814	105.618000
38.449205	8.825225	105.664000
38.465820	8.901333	105.710000
38.482920	8.972889	105.756000
38.543969	9.028073	105.801000
38.560204	9.136736	105.967000
38.576620	9.192320	106.013000
38.593158	9.250265	106.058000
38.609847	9.301561	106.104000
38.626639	9.351036	106.150000
38.643627	9.395995	106.195000
38.660750	9.443746	106.241000
38.677645	9.502704	106.287000
38.812144	10.051302	106.332000
38.828867	10.130625	106.701000
38.846136	10.210055	106.747000
38.862625	10.287047	106.793000
38.879332	10.356434	106.839000
38.896213	10.405869	106.884000
38.953866	10.408199	106.930000
38.970454	10.413979	107.086000
38.987162	10.458755	107.132000
39.003524	10.530755	107.178000
39.020635	10.612841	107.223000
39.037197	10.699950	107.269000
39.054131	10.785015	107.315000
39.071376	10.864499	107.361000
39.131208	11.082831	107.407000
39.147858	11.108593	107.572000
39.164584	11.146458	107.618000
39.181342	11.203289	107.663000
39.197796	11.277763	107.709000
39.214623	11.344231	107.755000
39.231342	11.392705	107.800000
39.247992	11.435649	107.846000
39.265372	11.487766	107.892000
39.282191	11.561818	107.938000
39.299256	11.652406	107.984000
39.434512	11.766097	108.029000
39.450978	12.582192	108.397000
39.467678	12.606448	108.443000
39.484585	12.633059	108.489000
39.541274	12.805827	108.534000
39.558162	12.890341	108.690000
39.575661	12.995736	108.736000
39.592192	13.094754	108.782000
39.608477	13.187435	108.827000
39.624674	13.264108	108.873000
39.641835	13.326450	108.919000
39.658150	13.353742	108.965000
39.675849	13.386937	109.011000
39.692561	13.441440	109.056000
39.752480	13.527426	109.102000
39.770164	13.929582	109.267000
39.787348	13.977303	109.313000
39.804228	13.981075	109.359000
39.820452	13.981644	109.405000
39.837198	14.017601	109.451000
39.853863	14.095093	109.496000
39.870502	14.176235	109.542000
39.887398	14.249633	109.588000
39.945331	14.500059	109.634000
39.962031	14.612718	109.790000
39.978428	14.729436	109.836000
39.994909	14.837825	109.882000
40.011997	14.938514	109.928000
40.028658	15.036843	109.974000
40.046096	15.130007	110.019000
40.062880	15.230267	110.065000
40.080118	15.315808	110.111000
40.095958	15.409739	110.157000
40.156311	15.473695	110.203000
40.172519	15.726120	110.367000
40.189607	15.840009	110.413000
40.206146	15.967932	110.459000
40.222792	16.088278	110.505000
40.239727	16.180871	110.551000
40.256611	16.232535	110.596000
40.274298	16.247126	110.642000
40.290914	16.255539	110.688000
40.347645	16.499415	110.734000
40.364379	16.580111	110.889000
40.381052	16.644325	110.935000
40.397906	16.704522	110.981000
40.415532	16.780926	111.026000
40.432578	16.879101	111.073000
40.448628	16.969759	111.118000
40.464933	17.009071	111.164000
40.482017	17.033424	111.210000
40.498701	17.077573	111.256000
40.559850	17.157253	111.302000
40.576024	17.507468	111.467000
40.592774	17.557265	111.513000
40.609305	17.629265	111.559000
40.626258	17.733996	111.605000
40.643984	17.862133	111.651000
40.660849	17.986514	111.696000
40.677634	18.089557	111.742000
40.694180	18.185896	111.788000
40.829463	19.251604	111.834000
40.845905	19.248960	112.203000
40.862970	19.214642	112.249000
40.879386	19.213819	112.294000
40.896616	19.282151	112.341000
40.962740	19.403808	112.387000
40.979878	19.666382	112.567000
40.996128	19.747252	112.613000
41.013504	19.865540	112.659000
41.030258	20.014201	112.705000
41.046781	20.169714	112.751000
