Sample	2mm tape 
date	08/01/2026
	
Temperature (K)	77.00
Angle (deg.)	90.000000
field / T	0.200000
	
		
Approx. trace time (s)	90.0	
		
Current / A	V1  -sample/ uV	time/s
-0.018502	-0.180556	0.000000
-0.018364	-0.184699	0.045000
-0.018364	-0.188136	0.091000
-0.018095	-0.188747	0.136000
-0.018317	-0.163380	0.182000
-0.018400	-0.165510	0.338000
-0.017988	-0.175180	0.384000
-0.017839	-0.179419	0.430000
-0.018526	-0.174897	0.476000
-0.018992	-0.171399	0.522000
-0.018024	-0.171763	0.567000
-0.018024	-0.181418	0.613000
-0.018347	-0.191979	0.659000
-0.018239	-0.200099	0.705000
0.062140	-0.194456	0.751000
0.086371	-0.186404	0.922000
0.111470	-0.184113	0.968000
0.135850	-0.183382	1.014000
0.158683	-0.180999	1.060000
0.180802	-0.181963	1.105000
0.204877	-0.188989	1.151000
0.229100	-0.191888	1.197000
0.252129	-0.188696	1.242000
0.334910	-0.175271	1.288000
0.358900	-0.175261	1.445000
0.383304	-0.172162	1.491000
0.406296	-0.164132	1.537000
0.429692	-0.155416	1.582000
0.453486	-0.150213	1.628000
0.478080	-0.153184	1.674000
0.502007	-0.153720	1.720000
0.526858	-0.153083	1.766000
0.550846	-0.148289	1.812000
0.635842	-0.138452	1.857000
0.660952	-0.126960	2.022000
0.683618	-0.125274	2.068000
0.707872	-0.118310	2.114000
0.731828	-0.105904	2.160000
0.755712	-0.096324	2.206000
0.779165	-0.088875	2.252000
0.802867	-0.093220	2.297000
0.826751	-0.099292	2.344000
0.910774	-0.095107	2.390000
0.933656	-0.089055	2.546000
0.958000	-0.086200	2.592000
0.981173	-0.085459	2.638000
1.004926	-0.088314	2.684000
1.028272	-0.092206	2.730000
1.052584	-0.097439	2.775000
1.076765	-0.105424	2.821000
1.101515	-0.110128	2.867000
1.124422	-0.112177	2.913000
1.209898	-0.113565	2.959000
1.233839	-0.139749	3.122000
1.258207	-0.137695	3.168000
1.281434	-0.136660	3.214000
1.305572	-0.133778	3.260000
1.329580	-0.132300	3.306000
1.353488	-0.129635	3.352000
1.378216	-0.131094	3.397000
1.401406	-0.129766	3.443000
1.594346	-0.100835	3.489000
1.617858	-0.086049	3.857000
1.641317	-0.077411	3.903000
1.665290	-0.072471	3.949000
1.689098	-0.066590	3.995000
1.713933	-0.050169	4.040000
1.795504	-0.036658	4.087000
1.818842	-0.010359	4.242000
1.842116	-0.001266	4.288000
1.866727	0.009353	4.334000
1.890625	0.021885	4.380000
1.914335	0.030871	4.426000
1.939310	0.039566	4.471000
1.962560	0.044631	4.517000
2.048504	0.064237	4.563000
2.073467	0.066062	4.728000
2.097285	0.063966	4.774000
2.121197	0.067145	4.820000
2.144114	0.071913	4.865000
2.168590	0.083757	4.911000
2.192117	0.098152	4.957000
2.215498	0.105792	5.003000
2.240219	0.109436	5.048000
2.263927	0.108892	5.094000
2.288139	0.108141	5.140000
2.480567	0.108943	5.186000
2.504176	0.163588	5.554000
2.527935	0.171527	5.600000
2.551758	0.179648	5.645000
2.633619	0.201210	5.691000
2.657535	0.201241	5.847000
2.681311	0.200580	5.893000
2.704903	0.204148	5.939000
2.728093	0.214995	5.984000
2.751940	0.216832	6.030000
2.775470	0.213172	6.076000
2.800172	0.216160	6.122000
2.824704	0.221747	6.168000
2.848039	0.227911	6.213000
2.933861	0.229380	6.259000
2.958111	0.240907	6.423000
2.981684	0.246314	6.469000
3.005836	0.245764	6.514000
3.028967	0.240867	6.560000
3.052288	0.237702	6.605000
3.077054	0.241479	6.651000
3.100734	0.242277	6.697000
3.125430	0.247945	6.743000
3.206833	0.255617	6.789000
3.230633	0.248480	6.945000
3.254146	0.245693	6.991000
3.277304	0.249151	7.037000
3.301617	0.254839	7.082000
3.325900	0.259977	7.128000
3.350348	0.262369	7.174000
3.373121	0.259513	7.219000
3.397787	0.256520	7.265000
3.420675	0.257201	7.310000
3.507527	0.263434	7.356000
3.531994	0.265201	7.523000
3.555884	0.264237	7.569000
3.579068	0.270319	7.615000
3.603809	0.276946	7.660000
3.626259	0.285374	7.706000
3.651696	0.287969	7.752000
3.675762	0.286520	7.797000
3.699418	0.285909	7.843000
3.780221	0.313564	7.889000
3.804834	0.318737	8.045000
3.828592	0.320024	8.091000
3.852976	0.317884	8.137000
3.877397	0.319690	8.182000
3.900629	0.322750	8.228000
3.925136	0.328872	8.274000
3.948038	0.332900	8.320000
3.971517	0.333894	8.365000
3.995556	0.330058	8.411000
4.082268	0.325843	8.457000
4.105617	0.332647	8.623000
4.129573	0.333803	8.669000
4.154250	0.328751	8.714000
4.179229	0.322326	8.760000
4.203149	0.315966	8.806000
4.226951	0.321159	8.852000
4.250302	0.327494	8.897000
4.273916	0.335726	8.943000
4.466207	0.342519	8.989000
4.490040	0.336669	9.357000
4.513815	0.332016	9.403000
4.538387	0.332450	9.449000
4.562487	0.337492	9.495000
4.587003	0.344845	9.541000
4.668082	0.348978	9.587000
4.691799	0.352743	9.742000
4.715767	0.354751	9.789000
4.739707	0.361186	9.834000
4.764410	0.369466	9.880000
4.787947	0.377545	9.926000
4.812136	0.382692	9.972000
4.835764	0.383136	10.018000
4.922241	0.384965	10.063000
4.946198	0.389400	10.229000
4.970045	0.390726	10.274000
4.993782	0.390524	10.320000
5.016930	0.389481	10.366000
5.041071	0.390243	10.412000
5.065495	0.390394	10.458000
5.089839	0.390726	10.503000
5.114168	0.388035	10.549000
5.137424	0.384915	10.595000
5.160741	0.384763	10.641000
5.353494	0.392052	10.686000
5.376761	0.413120	11.055000
5.400889	0.413330	11.101000
5.424682	0.409949	11.146000
5.506688	0.406875	11.192000
5.530744	0.412459	11.348000
5.554533	0.414173	11.394000
5.578216	0.410256	11.440000
5.602267	0.401054	11.486000
5.625986	0.397460	11.532000
5.650701	0.398105	11.578000
5.675062	0.404506	11.623000
5.699236	0.410468	11.669000
5.722515	0.414464	11.714000
5.807698	0.413130	11.760000
5.831444	0.415922	11.923000
5.854635	0.424580	11.969000
5.878694	0.430235	12.015000
5.902362	0.433859	12.061000
5.926401	0.434035	12.107000
5.950835	0.431268	12.152000
5.974886	0.429071	12.198000
5.998590	0.431909	12.244000
6.079211	0.431339	12.289000
6.103399	0.429841	12.445000
6.127120	0.432392	12.491000
6.151391	0.434882	12.537000
6.176313	0.432584	12.583000
6.199718	0.430957	12.629000
6.223542	0.431177	12.674000
6.246828	0.431676	12.720000
6.270635	0.434419	12.766000
6.294812	0.441685	12.811000
6.381219	0.446000	12.857000
6.405347	0.445734	13.023000
6.428884	0.445451	13.069000
6.452914	0.447909	13.115000
6.477485	0.448288	13.161000
6.501273	0.449063	13.206000
6.525499	0.445008	13.252000
6.549233	0.439539	13.298000
6.572872	0.436757	13.344000
6.654437	0.449033	13.389000
6.678623	0.448632	13.545000
6.703164	0.445909	13.591000
6.726601	0.444297	13.637000
6.750575	0.445859	13.683000
6.774102	0.452688	13.729000
6.797250	0.462254	13.775000
6.821827	0.468836	13.821000
6.845642	0.468544	13.866000
6.870105	0.463519	13.912000
6.955400	0.459078	13.958000
6.979295	0.465112	14.123000
7.004244	0.469259	14.169000
7.028005	0.472531	14.215000
7.052091	0.476457	14.260000
7.075944	0.475589	14.306000
7.099569	0.469980	14.352000
7.123382	0.461191	14.398000
7.146922	0.455354	14.444000
7.339041	0.457742	14.490000
7.363392	0.451941	14.858000
7.387580	0.451080	14.904000
7.411927	0.452173	14.950000
7.435835	0.450016	14.995000
7.459210	0.444326	15.041000
7.540233	0.439568	15.087000
7.564225	0.435452	15.243000
7.588767	0.436187	15.288000
7.612366	0.433596	15.334000
7.636196	0.432010	15.380000
7.660232	0.424530	15.426000
7.683919	0.420906	15.472000
7.707594	0.420466	15.518000
7.794410	0.423960	15.564000
7.817863	0.419032	15.729000
7.841268	0.415186	15.775000
7.865194	0.413391	15.821000
7.889333	0.413149	15.867000
7.914135	0.415085	15.912000
7.937779	0.419984	15.958000
7.961376	0.419273	16.004000
7.985087	0.415054	16.050000
8.008724	0.406986	16.096000
8.032853	0.402439	16.141000
8.224983	0.400090	16.187000
8.248756	0.390131	16.555000
8.273578	0.388076	16.601000
8.297918	0.388997	16.647000
8.378332	0.402620	16.693000
8.402293	0.396819	16.849000
8.426043	0.392142	16.895000
8.449938	0.387894	16.941000
8.474371	0.386038	16.986000
8.498866	0.386270	17.032000
8.523617	0.390101	17.078000
8.546602	0.394068	17.124000
8.570441	0.396687	17.170000
8.594288	0.390061	17.216000
8.678122	0.381300	17.261000
8.702329	0.376522	17.423000
8.726142	0.377939	17.469000
8.750178	0.374835	17.515000
8.774079	0.364507	17.561000
8.798118	0.356968	17.607000
8.822339	0.349789	17.653000
8.845403	0.346589	17.698000
8.869385	0.342661	17.744000
8.950622	0.332859	17.790000
8.974944	0.330119	17.945000
8.999665	0.328873	17.991000
9.022890	0.326440	18.037000
9.046689	0.323835	18.083000
9.070116	0.323164	18.129000
9.094095	0.320034	18.175000
9.118144	0.320610	18.220000
9.142111	0.320125	18.266000
9.165833	0.319782	18.312000
9.251030	0.315997	18.358000
9.275645	0.286531	18.523000
9.300138	0.285759	18.569000
9.324670	0.287666	18.615000
9.348375	0.289094	18.661000
9.371557	0.292431	18.706000
9.395728	0.298371	18.752000
9.419329	0.304106	18.798000
9.442961	0.307452	18.844000
9.525293	0.317122	18.890000
9.549081	0.319475	19.046000
9.573314	0.323875	19.091000
9.596151	0.331386	19.137000
9.619999	0.338371	19.183000
9.643728	0.343338	19.228000
9.668485	0.338341	19.274000
9.692622	0.328650	19.320000
9.716529	0.324496	19.366000
9.739751	0.321635	19.411000
9.826479	0.319303	19.457000
9.851100	0.296757	19.623000
9.874713	0.292346	19.669000
9.897931	0.289509	19.715000
9.921843	0.284956	19.760000
9.945270	0.282039	19.806000
9.968770	0.281196	19.852000
9.993628	0.281024	19.897000
10.017502	0.283315	19.943000
10.209326	0.290907	19.989000
10.233252	0.291487	20.357000
10.257003	0.292366	20.403000
10.280306	0.292164	20.448000
10.304134	0.293148	20.494000
10.328566	0.293330	20.540000
10.410502	0.294425	20.585000
10.433841	0.309359	20.741000
10.457525	0.304197	20.787000
10.481079	0.300598	20.833000
10.505573	0.301087	20.878000
10.529027	0.303035	20.924000
10.553245	0.308598	20.970000
10.577692	0.314215	21.016000
10.664141	0.327706	21.061000
10.687912	0.335313	21.229000
10.712186	0.333283	21.275000
10.736411	0.333415	21.321000
10.760956	0.325722	21.366000
10.784318	0.316860	21.412000
10.808274	0.315037	21.458000
10.831780	0.316365	21.504000
10.855959	0.321240	21.550000
10.879663	0.325284	21.595000
10.903485	0.325001	21.641000
11.095835	0.320560	21.687000
11.119592	0.293118	22.055000
11.143577	0.293017	22.101000
11.167186	0.289407	22.147000
11.248068	0.287676	22.193000
11.272076	0.290866	22.349000
11.296703	0.297235	22.395000
11.320866	0.300426	22.441000
11.344680	0.302545	22.486000
11.368541	0.299739	22.532000
11.391934	0.293187	22.578000
11.415659	0.286590	22.623000
11.439805	0.283447	22.669000
11.463868	0.282028	22.715000
11.548206	0.282715	22.761000
11.572891	0.257918	22.923000
11.596566	0.254515	22.969000
11.621354	0.256918	23.015000
11.644826	0.259906	23.061000
11.668302	0.259815	23.107000
11.691874	0.260537	23.152000
11.714743	0.259583	23.198000
11.739459	0.259966	23.244000
11.821301	0.270813	23.289000
11.845581	0.274861	23.446000
11.869334	0.278621	23.491000
11.892698	0.279197	23.537000
11.916690	0.276950	23.583000
11.940133	0.277505	23.628000
11.964303	0.279147	23.674000
11.988734	0.278631	23.720000
12.012540	0.280680	23.766000
12.036209	0.283042	23.811000
12.122683	0.284653	23.857000
12.146902	0.283264	24.023000
12.170937	0.286499	24.069000
12.194756	0.290563	24.115000
12.218323	0.293137	24.161000
12.242790	0.292591	24.207000
12.266769	0.288201	24.252000
12.290682	0.282593	24.298000
12.314969	0.275123	24.344000
12.396377	0.259331	24.389000
12.419653	0.256459	24.546000
12.444061	0.253915	24.591000
12.467550	0.252007	24.637000
12.491521	0.251482	24.683000
12.515798	0.249933	24.729000
12.539866	0.249181	24.775000
12.563733	0.249535	24.820000
12.587086	0.248939	24.866000
12.610381	0.248339	24.912000
12.697992	0.242988	24.958000
12.721716	0.230586	25.123000
12.745398	0.231004	25.169000
12.768728	0.233084	25.215000
12.793166	0.236823	25.261000
12.817178	0.243220	25.307000
12.841365	0.250710	25.353000
12.865636	0.257747	25.398000
12.888342	0.260496	25.444000
13.081384	0.245269	25.490000
13.105021	0.248767	25.858000
13.128901	0.257535	25.904000
13.153139	0.268472	25.950000
13.176652	0.276845	25.995000
13.200997	0.284744	26.041000
13.282809	0.285829	26.087000
13.306138	0.287480	26.243000
13.330015	0.291154	26.289000
13.353189	0.293546	26.335000
13.377717	0.296090	26.381000
13.401634	0.300986	26.427000
13.425792	0.310273	26.472000
13.450116	0.317673	26.519000
13.535631	0.327393	26.564000
13.560304	0.332677	26.729000
13.584516	0.337937	26.775000
13.608215	0.341757	26.821000
13.631858	0.344565	26.867000
13.655158	0.347532	26.912000
13.679580	0.350355	26.958000
13.702891	0.352138	27.004000
13.727297	0.351317	27.050000
13.751481	0.351487	27.096000
13.775392	0.349361	27.141000
13.967995	0.350446	27.187000
13.991204	0.367436	27.556000
14.014958	0.368212	27.602000
14.039028	0.369835	27.647000
14.120191	0.373580	27.693000
14.144496	0.374865	27.849000
14.168875	0.372778	27.895000
14.192556	0.375585	27.941000
14.216102	0.381921	27.987000
14.240311	0.387591	28.033000
14.264296	0.392203	28.078000
14.287698	0.396729	28.124000
14.312085	0.396165	28.170000
14.336830	0.396346	28.216000
14.420773	0.402369	28.262000
14.445055	0.409818	28.423000
14.468472	0.410670	28.469000
14.492170	0.414818	28.515000
14.515863	0.423648	28.561000
14.539647	0.432080	28.606000
14.563913	0.437160	28.652000
14.588186	0.435260	28.698000
14.612628	0.436907	28.743000
14.693626	0.460978	28.789000
14.716945	0.471104	28.946000
14.741033	0.472762	28.992000
14.764790	0.468976	29.038000
14.789034	0.467177	29.083000
14.813563	0.468976	29.129000
14.837726	0.472289	29.175000
14.861440	0.481895	29.221000
14.884864	0.495134	29.267000
14.908354	0.499419	29.313000
14.994851	0.495653	29.359000
15.018273	0.494711	29.524000
15.042028	0.502513	29.569000
15.066152	0.508112	29.615000
15.090100	0.510311	29.661000
15.113812	0.505684	29.707000
15.138569	0.501319	29.753000
15.162574	0.501575	29.799000
15.185967	0.505945	29.845000
15.266765	0.519084	29.890000
15.290986	0.515138	30.046000
15.314638	0.513904	30.092000
15.338957	0.518692	30.138000
15.363017	0.530253	30.184000
15.387087	0.538806	30.229000
15.410085	0.544597	30.275000
15.434354	0.543352	30.321000
15.458266	0.536448	30.367000
15.482415	0.531457	30.413000
15.568284	0.532123	30.459000
15.591971	0.555987	30.624000
15.616573	0.562484	30.669000
15.640605	0.565463	30.716000
15.664992	0.563949	30.761000
15.688866	0.561591	30.807000
15.712222	0.557757	30.853000
15.735953	0.555257	30.899000
15.759615	0.556007	30.945000
15.952205	0.593229	30.991000
15.976017	0.596463	31.358000
16.000093	0.603111	31.404000
16.024662	0.611313	31.450000
16.048047	0.620247	31.496000
16.071973	0.627228	31.541000
16.152649	0.634702	31.587000
16.176233	0.657813	31.742000
16.200342	0.665541	31.788000
16.224589	0.673976	31.834000
16.249849	0.679478	31.880000
16.273308	0.685544	31.926000
16.296428	0.687649	31.972000
16.319843	0.687265	32.017000
16.407615	0.706456	32.063000
16.431359	0.706526	32.230000
16.455051	0.704387	32.275000
16.478796	0.701257	32.321000
16.502857	0.700717	32.367000
16.526434	0.703952	32.413000
16.550842	0.707339	32.459000
16.575614	0.709984	32.504000
16.599492	0.711150	32.550000
16.622736	0.711291	32.596000
16.645625	0.705799	32.642000
16.838177	0.698395	32.687000
16.862424	0.707702	33.056000
16.886144	0.710907	33.102000
16.910806	0.711018	33.148000
16.991988	0.687610	33.194000
17.016314	0.688584	33.349000
17.039994	0.695639	33.395000
17.063851	0.701782	33.441000
17.087534	0.701277	33.487000
17.110838	0.693868	33.532000
17.135357	0.687691	33.578000
17.159332	0.686595	33.624000
17.183239	0.690511	33.670000
17.206623	0.689638	33.715000
17.291796	0.682906	33.761000
17.315984	0.684550	33.924000
17.339251	0.686039	33.970000
17.362997	0.678781	34.015000
17.386979	0.672649	34.061000
17.411241	0.673774	34.107000
17.436105	0.676016	34.152000
17.458844	0.678509	34.198000
17.482423	0.675374	34.244000
17.563820	0.661291	34.290000
17.587705	0.662659	34.446000
17.612264	0.662810	34.492000
17.636159	0.659323	34.538000
17.660454	0.651277	34.583000
17.683476	0.639527	34.629000
17.707087	0.640622	34.675000
17.730994	0.642051	34.720000
17.755220	0.644423	34.766000
17.779070	0.646765	34.812000
17.866363	0.641889	34.858000
17.890134	0.642566	35.024000
17.914381	0.641329	35.070000
17.938161	0.633576	35.115000
17.962647	0.625668	35.161000
17.986252	0.621594	35.207000
18.009923	0.623002	35.253000
18.033402	0.625961	35.298000
18.057288	0.626001	35.344000
18.138999	0.612186	35.390000
18.162584	0.615295	35.546000
18.187148	0.617506	35.592000
18.211001	0.618015	35.638000
18.234558	0.612519	35.683000
18.258740	0.607613	35.729000
18.282130	0.606538	35.775000
18.306289	0.610107	35.821000
18.330638	0.614184	35.867000
18.354795	0.618177	35.912000
18.440337	0.619585	35.958000
18.464274	0.620135	36.124000
18.489015	0.624410	36.169000
18.512421	0.627797	36.215000
18.536142	0.628761	36.261000
18.559492	0.627737	36.307000
18.583180	0.628579	36.353000
18.607185	0.633970	36.398000
18.631296	0.644574	36.444000
18.824300	0.674839	36.490000
18.848976	0.678151	36.859000
18.872496	0.674960	36.904000
18.896945	0.673946	36.950000
18.920332	0.674592	36.996000
18.943494	0.683293	37.042000
19.025499	0.691565	37.088000
19.049614	0.689880	37.244000
19.074178	0.694676	37.290000
19.097568	0.703129	37.335000
19.120712	0.709407	37.381000
19.144466	0.714344	37.427000
19.168625	0.714809	37.473000
19.192399	0.712976	37.519000
19.278757	0.719452	37.564000
19.302597	0.717893	37.730000
19.326310	0.711861	37.776000
19.350375	0.705592	37.821000
19.374873	0.703800	37.867000
19.399489	0.707874	37.913000
19.423316	0.713441	37.959000
19.446625	0.716574	38.005000
19.469899	0.717963	38.051000
19.494067	0.712366	38.097000
19.517972	0.705552	38.142000
19.710689	0.702715	38.188000
19.734307	0.707712	38.556000
19.758555	0.708373	38.602000
19.782998	0.702210	38.647000
19.864077	0.693530	38.693000
19.888284	0.698572	38.850000
19.911686	0.703477	38.895000
19.935069	0.704795	38.941000
19.959959	0.698486	38.987000
19.984377	0.690986	39.033000
20.007921	0.688129	39.078000
20.031075	0.690854	39.125000
20.054489	0.687356	39.170000
20.078832	0.679806	39.215000
20.162933	0.669402	39.262000
20.187155	0.655991	39.424000
20.211750	0.655664	39.470000
20.235741	0.653771	39.516000
20.260657	0.647220	39.562000
20.284293	0.640926	39.608000
20.307470	0.639739	39.654000
20.331414	0.638341	39.699000
20.355185	0.636555	39.745000
20.436214	0.628701	39.791000
20.460945	0.630574	39.946000
20.484731	0.632057	39.992000
20.508258	0.628963	40.038000
20.532240	0.622231	40.084000
20.555901	0.617537	40.130000
20.579739	0.616330	40.176000
20.603944	0.616627	40.222000
20.628064	0.615926	40.267000
20.652523	0.608790	40.313000
20.738078	0.602930	40.359000
20.762160	0.600022	40.524000
20.787008	0.605110	40.570000
20.810742	0.609824	40.616000
20.835045	0.609925	40.662000
20.858276	0.597151	40.708000
20.881830	0.587561	40.753000
20.905737	0.584336	40.799000
20.929329	0.587612	40.845000
21.011404	0.591628	40.891000
21.035101	0.584804	41.046000
21.058722	0.580030	41.092000
21.082063	0.575679	41.138000
21.106185	0.575143	41.184000
21.129996	0.574392	41.230000
21.154306	0.572923	41.276000
21.178989	0.573459	41.322000
21.203169	0.565675	41.368000
21.226414	0.557454	41.414000
21.312981	0.552086	41.459000
21.336408	0.547560	41.624000
21.360720	0.549757	41.670000
21.384128	0.553942	41.716000
21.407772	0.555659	41.762000
21.431754	0.555927	41.807000
21.455208	0.554235	41.853000
21.479848	0.552065	41.899000
21.503627	0.553411	41.944000
21.696770	0.573216	41.990000
21.720510	0.574079	42.359000
21.743518	0.575154	42.404000
21.767769	0.580141	42.450000
21.791163	0.588100	42.496000
21.815168	0.594566	42.542000
21.897755	0.600749	42.588000
21.921221	0.599452	42.744000
21.945750	0.603192	42.790000
21.968797	0.608981	42.836000
21.993209	0.616068	42.881000
22.017181	0.620438	42.927000
22.040960	0.621998	42.973000
22.065042	0.620590	43.019000
22.150303	0.631628	43.064000
22.174802	0.635867	43.230000
22.199060	0.639769	43.276000
22.223319	0.641677	43.322000
22.247541	0.642505	43.368000
22.270597	0.640153	43.414000
22.293930	0.640723	43.459000
22.317704	0.642202	43.505000
22.341717	0.642984	43.551000
22.366041	0.638099	43.596000
22.390325	0.635706	43.642000
22.582225	0.632673	43.688000
22.606378	0.609314	44.056000
22.630041	0.603682	44.102000
22.653902	0.596867	44.148000
22.734672	0.585687	44.194000
22.758754	0.584905	44.350000
22.782893	0.580080	44.395000
22.807582	0.572661	44.441000
22.831939	0.570572	44.487000
22.854755	0.571848	44.533000
22.878520	0.574493	44.579000
22.902834	0.579258	44.625000
22.926261	0.578324	44.670000
22.950646	0.576775	44.716000
23.034732	0.582675	44.762000
23.059337	0.605191	44.924000
23.083695	0.612408	44.970000
23.107306	0.619191	45.016000
23.131029	0.625839	45.062000
23.154544	0.627929	45.108000
23.178326	0.627737	45.153000
23.202360	0.627137	45.199000
23.226442	0.631659	45.245000
23.308284	0.655522	45.291000
23.331705	0.664143	45.446000
23.355442	0.668791	45.492000
23.378797	0.671916	45.538000
23.403319	0.668165	45.584000
23.426815	0.667383	45.630000
23.451802	0.666036	45.676000
23.475801	0.669352	45.721000
23.499721	0.678569	45.767000
23.523496	0.682916	45.813000
23.610384	0.691909	45.859000
23.633830	0.702968	46.024000
23.657624	0.701256	46.070000
23.680707	0.699198	46.116000
23.704610	0.695710	46.162000
23.728587	0.698092	46.208000
23.752809	0.708141	46.253000
23.776998	0.716474	46.299000
23.800510	0.724237	46.345000
23.882287	0.744663	46.391000
23.905763	0.754631	46.547000
23.929473	0.762772	46.593000
23.953923	0.772004	46.638000
23.977911	0.778353	46.684000
24.002214	0.783459	46.730000
24.025189	0.784432	46.775000
24.048533	0.782265	46.821000
24.072540	0.788722	46.867000
24.096545	0.796710	46.912000
24.183655	0.800692	46.958000
24.207372	0.801397	47.124000
24.231267	0.804849	47.170000
24.254610	0.809063	47.216000
24.278574	0.812077	47.262000
24.303077	0.817168	47.307000
24.327257	0.815671	47.353000
24.351283	0.816190	47.399000
24.374746	0.820289	47.444000
24.567511	0.868971	47.490000
24.591348	0.877836	47.859000
24.614891	0.884033	47.905000
24.638999	0.888464	47.951000
24.663531	0.890157	47.996000
24.687588	0.887300	48.042000
24.769096	0.883192	48.088000
24.792605	0.894527	48.244000
24.816093	0.899022	48.290000
24.840218	0.902335	48.336000
24.863911	0.901381	48.382000
24.888543	0.900075	48.428000
24.912788	0.901321	48.474000
24.936549	0.905147	48.519000
25.022371	0.903669	48.565000
25.046805	0.902314	48.730000
25.071059	0.898081	48.776000
25.093701	0.896745	48.822000
25.117575	0.897163	48.868000
25.141378	0.899774	48.913000
25.165155	0.902717	48.959000
25.189742	0.904118	49.005000
25.213724	0.899073	49.050000
25.237423	0.893832	49.096000
25.261029	0.891261	49.142000
25.453292	0.889844	49.188000
25.477161	0.887970	49.555000
25.500793	0.886766	49.601000
25.525086	0.883898	49.647000
25.606763	0.878617	49.693000
25.630853	0.874569	49.849000
25.654673	0.868556	49.895000
25.677635	0.861985	49.941000
25.701558	0.858875	49.987000
25.726049	0.860191	50.032000
25.749637	0.856294	50.078000
25.773975	0.855861	50.124000
25.797703	0.851204	50.169000
25.821798	0.843296	50.215000
25.907515	0.842323	50.261000
25.931539	0.838609	50.425000
25.955279	0.835524	50.470000
25.979094	0.839510	50.516000
26.002530	0.845343	50.562000
26.025955	0.851336	50.608000
26.050162	0.854576	50.653000
26.074574	0.851235	50.699000
26.098059	0.844737	50.745000
26.179283	0.839752	50.791000
26.203478	0.839631	50.947000
26.227454	0.841204	50.993000
26.251217	0.846083	51.038000
26.275723	0.854475	51.084000
26.299821	0.859243	51.130000
26.323413	0.858139	51.176000
26.347001	0.852609	51.221000
26.370326	0.850331	51.267000
26.394218	0.852086	51.313000
26.481552	0.852116	51.358000
26.504537	0.838244	51.524000
26.528649	0.835352	51.570000
26.552420	0.833358	51.616000
26.576638	0.834097	51.661000
26.600939	0.835544	51.707000
26.624368	0.834661	51.753000
26.648657	0.832913	51.799000
26.672820	0.827726	51.845000
26.753995	0.805304	51.891000
26.777878	0.798868	52.047000
26.801885	0.792997	52.092000
26.826335	0.784025	52.138000
26.849543	0.776887	52.184000
26.873406	0.774094	52.230000
26.896983	0.770980	52.275000
26.920338	0.769662	52.321000
26.944820	0.768002	52.366000
26.968614	0.765216	52.412000
27.055577	0.760956	52.458000
27.078873	0.744421	52.625000
27.103606	0.740742	52.670000
27.127823	0.736850	52.716000
27.151430	0.736057	52.762000
27.175568	0.735114	52.808000
27.198904	0.737723	52.853000
27.222218	0.743245	52.899000
27.246428	0.745728	52.945000
27.437933	0.757660	52.990000
27.462172	0.761128	53.358000
27.486657	0.756292	53.404000
27.510207	0.754339	53.449000
27.534043	0.748439	53.495000
27.557274	0.746440	53.541000
27.638859	0.750241	53.586000
27.662668	0.757725	53.742000
27.687120	0.759194	53.788000
27.711024	0.759052	53.834000
27.734962	0.757917	53.880000
27.758955	0.757327	53.926000
27.782121	0.757937	53.971000
27.805788	0.756434	54.017000
27.894766	0.766068	54.063000
27.917980	0.769319	54.230000
27.941969	0.769838	54.276000
27.966109	0.770182	54.322000
27.989691	0.766866	54.368000
28.013954	0.764645	54.414000
28.038120	0.761738	54.459000
28.062119	0.760582	54.505000
28.085135	0.761334	54.551000
28.109144	0.762550	54.596000
28.132419	0.763085	54.642000
28.324955	0.764756	54.688000
28.348831	0.753081	55.056000
28.372738	0.758351	55.102000
28.397477	0.764797	55.147000
28.478901	0.785740	55.193000
28.502347	0.787937	55.349000
28.525779	0.793450	55.395000
28.550278	0.801508	55.441000
28.574024	0.811277	55.487000
28.598588	0.821694	55.533000
28.622775	0.832954	55.579000
28.646926	0.839662	55.625000
28.670443	0.844642	55.671000
28.693745	0.844490	55.716000
28.778870	0.845685	55.762000
28.802914	0.860347	55.925000
28.826425	0.868496	55.970000
28.849896	0.872534	56.016000
28.874278	0.869701	56.062000
28.898492	0.864072	56.108000
28.922897	0.863759	56.154000
28.945882	0.863613	56.199000
28.969593	0.867413	56.245000
29.050865	0.878988	56.291000
29.074874	0.875194	56.447000
29.099559	0.869302	56.493000
29.124111	0.867695	56.539000
29.147502	0.871339	56.585000
29.171134	0.878755	56.630000
29.194745	0.883374	56.676000
29.218627	0.879499	56.722000
29.242575	0.871489	56.768000
29.267071	0.865559	56.814000
29.353385	0.867483	56.859000
29.377268	0.877302	57.025000
29.401240	0.867267	57.071000
29.425412	0.860941	57.116000
29.449525	0.864524	57.162000
29.472904	0.871620	57.208000
29.496828	0.875275	57.254000
29.520973	0.873728	57.300000
29.544431	0.867246	57.346000
29.626648	0.876459	57.391000
29.650568	0.881897	57.547000
29.674368	0.882798	57.593000
29.698037	0.882420	57.639000
29.721702	0.882339	57.685000
29.745582	0.885248	57.730000
29.769247	0.885983	57.776000
29.792987	0.883806	57.822000
29.817829	0.882541	57.868000
29.842001	0.884528	57.914000
29.927161	0.886301	57.960000
29.952230	0.895756	58.125000
29.976279	0.897888	58.171000
29.999987	0.893090	58.216000
30.022703	0.884195	58.262000
30.046560	0.878244	58.308000
30.070492	0.875416	58.354000
30.094543	0.875014	58.400000
30.119188	0.877342	58.445000
30.310644	0.841335	58.492000
30.335166	0.840575	58.859000
30.358614	0.841335	58.905000
30.382775	0.839419	58.951000
30.406178	0.832913	58.997000
30.430149	0.826401	59.043000
30.511657	0.822577	59.089000
30.536319	0.804417	59.245000
30.560954	0.798596	59.290000
30.584339	0.794982	59.337000
30.607708	0.794483	59.383000
30.631649	0.800274	59.428000
30.655339	0.806957	59.474000
30.679729	0.812471	59.520000
30.765501	0.813605	59.566000
30.789337	0.817577	59.730000
30.813234	0.827164	59.776000
30.837047	0.834944	59.822000
30.861688	0.836921	59.868000
30.886112	0.830949	59.914000
30.909477	0.832954	59.960000
30.933659	0.835717	60.006000
30.957301	0.834128	60.052000
30.980947	0.831351	60.097000
31.005021	0.829815	60.143000
31.196891	0.830888	60.189000
31.221241	0.853049	60.557000
31.245705	0.860155	60.603000
31.269522	0.866087	60.649000
31.349849	0.874232	60.695000
31.374025	0.880591	60.851000
31.397823	0.887748	60.897000
31.422008	0.893373	60.942000
31.446140	0.893701	60.988000
31.469897	0.894598	61.033000
31.493549	0.899410	61.079000
31.517026	0.907843	61.125000
31.540998	0.914888	61.171000
31.564819	0.918381	61.217000
31.649680	0.917132	61.263000
31.673451	0.924667	61.425000
31.697558	0.929212	61.471000
31.722011	0.931092	61.517000
31.746102	0.927187	61.562000
31.769554	0.924178	61.608000
31.792915	0.927731	61.654000
31.816504	0.934324	61.700000
31.841083	0.942221	61.745000
31.923411	0.944519	61.791000
31.948162	0.955002	61.947000
31.972049	0.965189	61.993000
31.995367	0.974280	62.039000
32.018671	0.978549	62.085000
32.042549	0.978755	62.131000
32.066264	0.985373	62.176000
32.090997	0.999602	62.222000
32.114943	1.012002	62.268000
32.138535	1.022647	62.314000
32.224701	1.026791	62.359000
32.248687	1.060093	62.525000
32.273166	1.071409	62.571000
32.297062	1.077855	62.616000
32.320396	1.079000	62.663000
32.344050	1.085324	62.708000
32.367699	1.094733	62.754000
32.391764	1.108614	62.799000
32.416032	1.119804	62.845000
32.497780	1.131736	62.891000
32.521430	1.132952	63.047000
32.545003	1.137494	63.093000
32.569094	1.146892	63.139000
32.592517	1.154851	63.185000
32.616866	1.158784	63.231000
32.641215	1.161337	63.276000
32.665472	1.159738	63.322000
32.689417	1.158370	63.368000
32.712487	1.157314	63.414000
32.799636	1.157567	63.460000
32.823620	1.145110	63.625000
32.847124	1.140689	63.671000
32.871073	1.136989	63.717000
32.894765	1.135803	63.763000
32.918726	1.133441	63.808000
32.942883	1.134586	63.854000
32.967693	1.133390	63.900000
32.991250	1.131635	63.945000
33.182495	1.120758	63.991000
33.206352	1.113045	64.360000
33.230851	1.111723	64.406000
33.254397	1.111889	64.451000
33.278419	1.106362	64.497000
33.302338	1.099537	64.543000
33.384939	1.094238	64.589000
33.408412	1.105398	64.745000
33.431912	1.107155	64.791000
33.455757	1.106231	64.837000
33.479361	1.099325	64.883000
33.503622	1.099699	64.928000
33.527467	1.103778	64.974000
33.551908	1.109331	65.020000
33.637609	1.110194	65.066000
33.661371	1.114271	65.231000
33.685643	1.114221	65.277000
33.710429	1.110547	65.323000
33.734352	1.107387	65.369000
33.757998	1.107408	65.415000
33.781013	1.108715	65.461000
33.805378	1.112323	65.507000
33.829292	1.117361	65.553000
33.854049	1.121964	65.599000
34.058559	1.124043	65.645000
34.082462	1.128237	66.037000
34.105985	1.133764	66.083000
34.129631	1.137464	66.129000
34.212117	1.139533	66.175000
34.235136	1.137696	66.331000
34.259543	1.140810	66.377000
34.282954	1.141864	66.422000
34.307192	1.141834	66.468000
34.331199	1.136186	66.514000
34.355087	1.135304	66.560000
34.379351	1.135702	66.605000
34.403043	1.138861	66.651000
34.427496	1.148557	66.697000
34.451214	1.157213	66.742000
34.531683	1.163144	66.789000
34.556013	1.159737	66.945000
34.580162	1.169246	66.991000
34.604388	1.174752	67.037000
34.628514	1.180844	67.083000
34.652221	1.175691	67.128000
34.675933	1.171759	67.174000
34.699544	1.172441	67.220000
34.787093	1.200796	67.265000
34.810896	1.205375	67.431000
34.834285	1.205890	67.477000
34.857992	1.204007	67.523000
34.882199	1.203937	67.569000
34.906667	1.205496	67.615000
34.931004	1.201725	67.660000
34.953920	1.201584	67.706000
34.977946	1.204442	67.752000
35.001277	1.205163	67.798000
35.024854	1.203320	67.843000
35.106851	1.200691	67.889000
35.131546	1.212936	68.045000
35.155280	1.220280	68.091000
35.178231	1.229382	68.137000
35.202142	1.235979	68.182000
35.226160	1.236751	68.228000
35.250332	1.232759	68.274000
35.274347	1.230421	68.320000
35.360160	1.219328	68.366000
35.384466	1.216360	68.531000
35.407874	1.217223	68.577000
35.432426	1.224817	68.623000
35.456360	1.231102	68.669000
35.480525	1.233601	68.714000
35.504666	1.233854	68.760000
35.527736	1.233441	68.806000
35.552208	1.229514	68.852000
35.575869	1.232518	68.897000
35.600018	1.234856	68.943000
35.681647	1.236449	68.989000
35.705009	1.225583	69.145000
35.729185	1.226274	69.191000
35.752742	1.228158	69.237000
35.776104	1.233803	69.282000
35.800272	1.233502	69.328000
35.824974	1.228542	69.374000
35.849377	1.223754	69.420000
36.045858	1.236424	69.466000
36.069516	1.234014	69.843000
36.093711	1.227648	69.889000
36.117522	1.227860	69.935000
36.142328	1.231585	69.981000
36.165928	1.235728	70.027000
36.246558	1.234342	70.073000
36.270326	1.245484	70.229000
36.294172	1.255010	70.274000
36.318575	1.260833	70.320000
36.342801	1.263111	70.366000
36.366627	1.261266	70.412000
36.390500	1.262137	70.458000
36.414053	1.268261	70.503000
36.437818	1.274557	70.549000
36.519036	1.273649	70.595000
36.543450	1.271361	70.751000
36.567826	1.275670	70.797000
36.591714	1.283779	70.843000
36.615606	1.287680	70.888000
36.638810	1.287484	70.934000
36.662567	1.281239	70.980000
36.686720	1.276643	71.025000
36.710539	1.279369	71.071000
36.735037	1.285271	71.117000
36.930193	1.289188	71.162000
36.954269	1.286168	71.538000
36.978080	1.282494	71.584000
37.002452	1.281562	71.629000
37.084204	1.292732	71.675000
37.107281	1.293805	71.831000
37.130993	1.290221	71.877000
37.154323	1.284511	71.923000
37.178753	1.282716	71.968000
37.203148	1.284974	72.014000
37.227124	1.288406	72.060000
37.251323	1.290734	72.106000
37.274739	1.289893	72.152000
37.297931	1.283317	72.197000
37.322245	1.281148	72.243000
37.403921	1.279521	72.288000
37.428269	1.287953	72.445000
37.452200	1.278609	72.491000
37.475799	1.270339	72.537000
37.499564	1.263715	72.583000
37.523041	1.261114	72.629000
37.546764	1.261397	72.674000
37.570947	1.259990	72.720000
37.657183	1.252833	72.766000
37.681190	1.247148	72.931000
37.705012	1.238218	72.977000
37.729803	1.228973	73.023000
37.753299	1.220390	73.068000
37.777671	1.219327	73.114000
37.801109	1.220551	73.160000
37.824640	1.223348	73.206000
37.848577	1.224937	73.251000
37.872112	1.222285	73.297000
37.896253	1.217475	73.343000
37.977998	1.216511	73.389000
38.002120	1.239724	73.545000
38.025935	1.243510	73.591000
38.049807	1.242042	73.637000
38.073526	1.241468	73.683000
38.097479	1.243510	73.728000
38.121924	1.247178	73.774000
38.146089	1.249129	73.820000
38.230703	1.256005	73.866000
38.255801	1.260884	74.031000
38.280157	1.266473	74.077000
38.303980	1.271743	74.123000
38.327222	1.269975	74.169000
38.350760	1.266644	74.214000
38.374372	1.266331	74.260000
38.398655	1.268342	74.306000
38.423431	1.272147	74.352000
38.447664	1.276981	74.397000
38.471479	1.277425	74.443000
38.552605	1.273059	74.489000
38.576020	1.268872	74.644000
38.599781	1.271160	74.690000
38.624199	1.272958	74.736000
38.648494	1.270359	74.781000
38.672317	1.267768	74.827000
38.695183	1.266382	74.873000
38.719128	1.264286	74.919000
38.917050	1.271059	74.964000
38.941015	1.279804	75.343000
38.965664	1.288719	75.389000
38.989697	1.295523	75.435000
39.013405	1.294702	75.480000
39.036620	1.289894	75.526000
39.116901	1.287802	75.572000
39.141457	1.289550	75.728000
39.165092	1.284289	75.773000
39.189114	1.283618	75.819000
39.212537	1.285675	75.865000
39.237016	1.288275	75.911000
39.260520	1.289783	75.956000
39.284297	1.284249	76.002000
39.308442	1.279184	76.048000
39.391089	1.278326	76.094000
39.414804	1.280074	76.250000
39.438688	1.278226	76.296000
39.461984	1.273271	76.342000
39.486156	1.268079	76.387000
39.509691	1.269985	76.433000
39.533967	1.269647	76.479000
39.558669	1.268180	76.525000
39.582296	1.265268	76.570000
39.605696	1.258846	76.616000
39.802223	1.261664	76.662000
39.826357	1.269225	77.038000
39.850337	1.266003	77.084000
39.873533	1.268730	77.129000
39.954620	1.293134	77.175000
39.978093	1.289672	77.331000
40.002573	1.290050	77.377000
40.026703	1.297892	77.423000
40.051509	1.306566	77.469000
40.075297	1.310700	77.515000
40.099350	1.308331	77.561000
40.122946	1.307428	77.607000
40.146837	1.314362	77.653000
40.170341	1.320727	77.699000
40.194498	1.325943	77.745000
40.275943	1.329285	77.790000
40.300303	1.337747	77.946000
40.323526	1.345967	77.991000
40.347595	1.353779	78.037000
40.371525	1.358286	78.083000
40.395516	1.363865	78.129000
40.419865	1.372608	78.175000
40.443361	1.374433	78.220000
40.529124	1.387856	78.266000
40.553715	1.396177	78.431000
40.577849	1.405622	78.477000
40.601909	1.412789	78.523000
40.625259	1.423075	78.569000
40.648986	1.428847	78.615000
40.672858	1.435914	78.661000
40.696312	1.441395	78.706000
40.720565	1.445534	78.752000
40.744841	1.450238	78.798000
40.768567	1.448331	78.843000
40.849559	1.442764	78.889000
40.872993	1.459016	79.044000
40.897261	1.466183	79.090000
40.921453	1.470463	79.136000
40.946128	1.473784	79.182000
40.969981	1.474071	79.228000
40.993527	1.474394	79.273000
41.017185	1.473869	79.319000
41.103651	1.485696	79.365000
41.127973	1.493624	79.531000
41.151157	1.504849	79.577000
41.174327	1.514338	79.623000
41.198511	1.515625	79.669000
41.222698	1.521228	79.715000
41.247074	1.527269	79.761000
41.271392	1.529268	79.806000
41.295349	1.522873	79.852000
41.319083	1.518724	79.898000
41.342840	1.518502	79.944000
41.424078	1.519416	79.990000
41.447885	1.511840	80.146000
41.472395	1.508720	80.191000
41.496275	1.512077	80.237000
41.520029	1.513394	80.283000
41.543502	1.513223	80.329000
41.567067	1.508761	80.374000
41.590759	1.506763	80.420000
41.788900	1.480294	80.466000
41.812868	1.472154	80.844000
41.837021	1.462149	80.890000
41.860221	1.458172	80.936000
41.884128	1.458061	80.982000
41.908051	1.459298	81.028000
41.989276	1.460505	81.073000
42.013725	1.453766	81.229000
42.038013	1.448644	81.275000
42.062135	1.441092	81.321000
42.085558	1.436762	81.366000
42.108958	1.432315	81.412000
42.132788	1.427631	81.458000
42.157268	1.424944	81.504000
42.181436	1.428409	81.549000
42.262527	1.422193	81.595000
42.286196	1.422903	81.751000
42.311017	1.423946	81.797000
42.334425	1.421537	81.843000
42.358217	1.416623	81.889000
42.382954	1.414864	81.935000
42.407076	1.415610	81.981000
42.430599	1.421708	82.026000
42.453741	1.428665	82.072000
42.477837	1.433265	82.118000
42.673749	1.433885	82.164000
42.698014	1.478468	82.538000
42.721475	1.479634	82.584000
42.745083	1.481612	82.630000
42.826055	1.490656	82.676000
42.850953	1.495643	82.832000
42.875671	1.497651	82.878000
42.899351	1.501755	82.923000
42.922286	1.506035	82.969000
42.946032	1.512663	83.015000
42.969601	1.521919	83.061000
42.993931	1.527310	83.106000
43.017876	1.531428	83.152000
43.041914	1.533902	83.198000
43.066147	1.537320	83.243000
43.146098	1.541039	83.289000
43.170032	1.534816	83.445000
43.194534	1.532846	83.491000
43.218549	1.532074	83.536000
43.243274	1.531398	83.582000
43.267104	1.536896	83.628000
43.290954	1.542836	83.674000
43.314519	1.546626	83.720000
43.401791	1.539742	83.766000
43.425291	1.536875	83.931000
43.448699	1.537017	83.977000
43.472533	1.539762	84.023000
43.496252	1.543190	84.069000
43.520409	1.545663	84.115000
43.544861	1.546026	84.161000
43.569010	1.549767	84.206000
43.593117	1.549322	84.252000
43.616932	1.545733	84.298000
43.640378	1.542509	84.344000
43.721715	1.538455	84.390000
43.745234	1.526855	84.546000
43.769890	1.528496	84.592000
43.793944	1.530121	84.638000
43.818150	1.528243	84.683000
43.841477	1.524261	84.729000
43.864485	1.520591	84.775000
43.888538	1.517832	84.821000
43.975507	1.513738	84.867000
43.998950	1.512683	85.032000
44.023122	1.512097	85.077000
44.046579	1.509715	85.123000
44.070913	1.508111	85.169000
44.095166	1.506001	85.215000
44.119553	1.504360	85.261000
44.143349	1.503235	85.306000
44.166910	1.502281	85.352000
44.190521	1.501342	85.398000
44.214317	1.500842	85.444000
44.296188	1.502120	85.490000
44.320322	1.509786	85.646000
44.344617	1.503629	85.692000
44.367913	1.496709	85.738000
44.391494	1.491202	85.783000
44.415662	1.483212	85.829000
44.439542	1.480770	85.875000
44.463311	1.484540	85.921000
44.660902	1.479503	85.967000
44.684130	1.486175	86.344000
44.708075	1.491010	86.390000
44.731575	1.488628	86.436000
44.755782	1.492998	86.481000
44.780177	1.493170	86.527000
44.861760	1.494689	86.573000
44.885060	1.488961	86.728000
44.908640	1.482263	86.774000
44.932639	1.478155	86.820000
44.956716	1.479473	86.865000
44.980688	1.482919	86.911000
45.005071	1.485912	86.957000
45.027895	1.485252	87.003000
45.051433	1.481249	87.048000
45.132455	1.484045	87.094000
45.156128	1.488941	87.249000
45.180654	1.491822	87.295000
45.204607	1.492802	87.341000
45.228956	1.493089	87.387000
45.252686	1.491152	87.433000
45.276013	1.491657	87.479000
45.299720	1.494275	87.524000
45.323766	1.498561	87.570000
45.348314	1.504562	87.616000
45.544880	1.508812	87.661000
45.568238	1.512420	88.038000
45.592187	1.514914	88.084000
45.615580	1.522303	88.130000
45.698557	1.538567	88.176000
45.721746	1.539102	88.332000
45.745787	1.543321	88.377000
45.769314	1.548388	88.423000
45.792898	1.550175	88.469000
45.816832	1.548722	88.515000
45.840832	1.547964	88.560000
45.864977	1.549585	88.606000
45.888753	1.552608	88.652000
45.912703	1.557110	88.697000
45.936541	1.561790	88.744000
46.018104	1.566474	88.790000
46.042411	1.582332	88.946000
46.067202	1.587722	88.992000
46.090751	1.588636	89.037000
46.114724	1.585300	89.083000
46.138589	1.578062	89.129000
46.162365	1.581751	89.175000
46.185830	1.582109	89.221000
46.272461	1.591477	89.266000
46.296291	1.595489	89.432000
46.319461	1.596786	89.478000
46.343933	1.597720	89.524000
46.368178	1.595317	89.570000
46.392527	1.593501	89.616000
46.416603	1.591487	89.661000
46.440222	1.590653	89.707000
46.463898	1.586374	89.753000
46.487690	1.584002	89.799000
46.511351	1.587803	89.845000
46.593242	1.593501	89.890000
46.617498	1.592275	90.046000
46.641413	1.587803	90.092000
46.664375	1.583537	90.137000
46.687833	1.580282	90.183000
46.711698	1.577657	90.229000
46.735716	1.578021	90.275000
46.759880	1.577910	90.320000
46.846127	1.591149	90.366000
46.870176	1.591139	90.532000
46.894279	1.591129	90.578000
46.918621	1.590846	90.624000
46.943269	1.590206	90.670000
46.967353	1.587580	90.716000
46.990887	1.581680	90.762000
47.014207	1.576229	90.808000
47.038248	1.575315	90.853000
47.061963	1.577466	90.899000
47.086247	1.581802	90.945000
47.167027	1.582130	90.991000
47.190715	1.572449	91.146000
47.214134	1.571960	91.192000
47.238329	1.569456	91.238000
47.261783	1.567745	91.283000
47.286128	1.565277	91.329000
47.310719	1.558457	91.375000
47.334757	1.556086	91.420000
47.531476	1.563353	91.466000
47.555399	1.557847	91.844000
47.579513	1.554737	91.890000
47.603582	1.553002	91.935000
47.627266	1.548409	91.981000
47.651269	1.545774	92.027000
47.731342	1.545299	92.073000
47.755149	1.557968	92.228000
47.779667	1.554697	92.275000
47.804366	1.551350	92.320000
47.829056	1.551330	92.366000
47.852622	1.556913	92.412000
47.876471	1.562989	92.458000
47.899775	1.564610	92.504000
47.923586	1.563292	92.550000
48.004927	1.568462	92.595000
48.029403	1.566403	92.750000
48.053732	1.564671	92.796000
48.076740	1.572091	92.842000
48.100567	1.577335	92.888000
48.124255	1.582857	92.934000
48.147931	1.587743	92.980000
48.172703	1.586713	93.025000
48.196963	1.581958	93.071000
48.220513	1.584986	93.117000
48.416353	1.590806	93.163000
48.440029	1.605403	93.539000
48.464428	1.598988	93.584000
48.488750	1.597639	93.630000
48.569576	1.615471	93.676000
48.593810	1.617783	93.832000
48.617460	1.614002	93.878000
48.641351	1.611560	93.924000
48.665466	1.614608	93.970000
48.689972	1.620145	94.015000
48.714010	1.624698	94.061000
48.736830	1.628862	94.107000
48.760149	1.626439	94.153000
48.783856	1.622628	94.198000
48.808198	1.623582	94.244000
48.890146	1.626207	94.290000
48.914640	1.651207	94.446000
48.938743	1.655733	94.492000
48.962082	1.659730	94.538000
48.986400	1.661489	94.584000
49.009785	1.662758	94.629000
49.033404	1.664064	94.675000
49.058379	1.665663	94.722000
49.142808	1.665440	94.768000
49.167572	1.671805	94.932000
49.191479	1.674164	94.978000
49.215813	1.674447	95.024000
49.239908	1.678398	95.070000
49.263669	1.685268	95.116000
49.287307	1.697449	95.161000
49.311295	1.706537	95.207000
49.335133	1.716153	95.253000
49.358521	1.723027	95.299000
49.383051	1.725915	95.344000
49.464822	1.732745	95.390000
49.487834	1.767142	95.546000
49.511822	1.772601	95.592000
49.535671	1.773064	95.638000
49.559924	1.775574	95.684000
49.583889	1.781996	95.730000
49.608007	1.793577	95.775000
49.632160	1.805063	95.821000
49.717834	1.835405	95.867000
49.742525	1.842863	96.032000
49.766590	1.849990	96.078000
49.790289	1.860078	96.124000
49.814396	1.869981	96.170000
49.837650	1.881408	96.216000
49.861223	1.891038	96.261000
49.885610	1.900689	96.307000
49.910028	1.908749	96.353000
49.934558	1.912640	96.399000
49.958081	1.912721	96.445000
50.038703	1.915356	96.491000
50.062280	1.925172	96.646000
50.086125	1.929115	96.692000
50.110782	1.934914	96.737000
50.135134	1.943651	96.783000
50.159003	1.954003	96.829000
50.182111	1.962457	96.874000
50.205657	1.970498	96.920000
50.403260	2.017110	96.966000
50.427659	2.021022	97.344000
50.451942	2.029163	97.390000
50.475523	2.039120	97.436000
50.499100	2.047066	97.482000
50.522538	2.047393	97.528000
50.603841	2.044683	97.574000
50.628877	2.058048	97.730000
50.653015	2.066916	97.775000
50.676645	2.076384	97.821000
50.700483	2.084706	97.867000
50.724033	2.092876	97.913000
50.748009	2.099584	97.959000
50.771301	2.108867	98.004000
50.795900	2.116665	98.050000
50.878432	2.147782	98.096000
50.902105	2.156586	98.252000
50.925724	2.164766	98.298000
50.949285	2.170971	98.344000
50.973603	2.172392	98.390000
50.996623	2.169443	98.435000
51.020568	2.165589	98.482000
51.044852	2.165780	98.527000
51.068536	2.170296	98.572000
51.092589	2.178188	98.619000
51.287818	2.185409	98.664000
51.312151	2.249498	99.039000
51.336005	2.256858	99.084000
51.359070	2.260320	99.130000
51.440377	2.285796	99.176000
51.464507	2.294287	99.333000
51.488733	2.298244	99.378000
51.513028	2.299631	99.424000
51.537257	2.300777	99.470000
51.560761	2.306748	99.515000
51.583938	2.317554	99.561000
51.607765	2.328199	99.607000
51.632417	2.341196	99.653000
51.656409	2.350145	99.698000
51.681303	2.358266	99.744000
51.762229	2.362818	99.790000
51.786063	2.385874	99.946000
51.809575	2.396560	99.992000
51.833263	2.409280	100.038000
51.857277	2.417775	100.084000
51.881753	2.422499	100.130000
51.905733	2.421934	100.175000
51.930040	2.421489	100.221000
52.015376	2.444025	100.267000
52.039982	2.452283	100.432000
52.063759	2.464229	100.478000
52.088027	2.478998	100.524000
52.110981	2.492898	100.569000
52.135050	2.506000	100.615000
52.158776	2.517332	100.661000
52.183106	2.525926	100.706000
52.206898	2.533319	100.752000
52.230593	2.542825	100.798000
52.254727	2.556997	100.844000
52.335015	2.572859	100.890000
52.359249	2.606483	101.045000
52.383075	2.611261	101.091000
52.407336	2.614654	101.137000
52.430767	2.615384	101.183000
52.455031	2.614271	101.228000
52.479249	2.615748	101.274000
52.502880	2.625727	101.320000
52.590287	2.664650	101.366000
52.614021	2.674156	101.532000
52.637509	2.681913	101.578000
52.660736	2.694099	101.624000
52.684640	2.708912	101.669000
52.708451	2.723493	101.715000
52.732734	2.736156	101.761000
52.756864	2.744162	101.806000
52.780859	2.750012	101.852000
52.804605	2.756083	101.898000
52.827855	2.766456	101.944000
52.909584	2.779028	101.990000
52.934214	2.822758	102.145000
52.958048	2.836366	102.191000
52.982247	2.854602	102.237000
53.004567	2.876269	102.282000
53.028616	2.895152	102.328000
53.052350	2.912732	102.374000
53.076480	2.925840	102.420000
53.275455	3.011976	102.466000
53.298728	3.023422	102.844000
53.322804	3.041449	102.891000
53.346523	3.060939	102.936000
53.370227	3.080140	102.982000
53.394053	3.101158	103.028000
53.476120	3.121071	103.074000
53.500400	3.182574	103.230000
53.524541	3.198013	103.276000
53.547565	3.213074	103.322000
53.571675	3.229559	103.368000
53.595475	3.245821	103.413000
53.618998	3.263543	103.459000
53.643973	3.282824	103.505000
53.667953	3.301212	103.551000
53.748683	3.357862	103.596000
53.772321	3.373670	103.752000
53.796524	3.390038	103.798000
53.819524	3.406913	103.844000
53.844254	3.425964	103.890000
53.868503	3.443821	103.935000
53.892486	3.461577	103.981000
53.916128	3.483727	104.027000
53.939663	3.500761	104.073000
53.963870	3.514792	104.119000
54.160036	3.526960	104.165000
54.182963	3.604275	104.539000
54.206951	3.603705	104.585000
54.230493	3.602509	104.630000
54.312318	3.639430	104.676000
54.336406	3.668008	104.832000
54.360597	3.693366	104.878000
54.384600	3.712788	104.924000
54.408181	3.732850	104.970000
54.432453	3.748835	105.016000
54.456152	3.773108	105.062000
54.479787	3.800210	105.107000
54.504785	3.824902	105.153000
54.527901	3.842931	105.199000
54.552011	3.857865	105.244000
54.633245	3.871316	105.290000
54.656664	3.916201	105.446000
54.681005	3.945902	105.492000
54.705400	3.977891	105.538000
54.729826	4.012440	105.584000
54.752615	4.042340	105.630000
54.776142	4.074319	105.675000
54.799841	4.101186	105.721000
54.887325	4.174997	105.767000
54.911363	4.210858	105.933000
54.934778	4.252714	105.978000
54.958562	4.299583	106.024000
54.982688	4.344357	106.070000
55.006211	4.385619	106.116000
55.031002	4.421545	106.162000
55.055116	4.455697	106.208000
55.078708	4.492149	106.253000
55.101847	4.534707	106.299000
55.125255	4.579660	106.344000
55.207402	4.607783	106.390000
55.230860	4.669728	106.546000
55.255558	4.706329	106.592000
55.279531	4.742999	106.638000
55.303184	4.774029	106.684000
55.326842	4.803700	106.730000
55.350637	4.833351	106.776000
55.374875	4.868721	106.821000
55.461387	5.001533	106.867000
55.484910	5.036449	107.033000
55.508894	5.077243	107.079000
55.532812	5.121046	107.124000
55.557338	5.161519	107.170000
55.581083	5.196379	107.216000
55.605252	5.229171	107.262000
55.628755	5.256724	107.307000
55.652509	5.292865	107.353000
55.676547	5.336343	107.399000
55.699912	5.373033	107.445000
55.782336	5.400141	107.490000
55.806593	5.507563	107.647000
55.829935	5.547087	107.692000
55.853454	5.590909	107.738000
55.877461	5.629816	107.784000
55.901380	5.673498	107.830000
55.925394	5.725260	107.876000
55.949766	5.782256	107.923000
56.146862	6.081428	107.969000
56.170020	6.119724	108.345000
56.193685	6.168183	108.391000
56.217854	6.206794	108.436000
56.242168	6.232404	108.482000
56.266644	6.265979	108.528000
56.347535	6.296465	108.574000
56.371676	6.404698	108.730000
56.395134	6.446525	108.776000
56.418292	6.500235	108.822000
56.443025	6.559334	108.867000
56.467289	6.610553	108.913000
56.491239	6.666340	108.958000
56.514716	6.721593	109.004000
56.537873	6.779631	109.050000
56.619556	6.979682	109.096000
56.643406	7.040630	109.251000
56.668204	7.099216	109.297000
56.692184	7.165008	109.343000
56.715542	7.231777	109.389000
56.739207	7.299339	109.434000
56.762580	7.373123	109.480000
56.786952	7.446485	109.526000
56.810767	7.513507	109.572000
56.835123	7.554350	109.618000
57.030379	7.582555	109.664000
57.054509	7.686030	110.039000
57.078408	7.734319	110.085000
57.102239	7.788151	110.131000
57.184206	7.882262	110.176000
57.208220	7.939019	110.332000
57.231205	7.993701	110.378000
57.255454	8.037316	110.424000
57.279315	8.080613	110.470000
57.303891	8.130551	110.516000
57.327979	8.193904	110.562000
57.352293	8.247484	110.608000
57.376450	8.299315	110.654000
57.400030	8.348405	110.700000
57.423722	8.400825	110.746000
57.504725	8.450977	110.791000
57.528897	8.643363	110.947000
57.553115	8.729461	110.992000
57.577115	8.824616	111.039000
57.600718	8.921969	111.084000
57.624633	9.008746	111.130000
57.647906	9.062946	111.176000
57.672293	9.097157	111.222000
57.758122	9.256660	111.268000
57.782486	9.293208	111.433000
57.806043	9.326824	111.478000
57.829889	9.370129	111.524000
57.854146	9.417816	111.570000
57.878291	9.470060	111.616000
57.902033	9.538573	111.662000
57.925452	9.624083	111.707000
57.949267	9.720400	111.753000
57.973297	9.813689	111.799000
57.997238	9.898366	111.845000
58.079351	9.978023	111.891000
58.103408	10.207367	112.046000
58.126981	10.272795	112.092000
58.150877	10.333459	112.138000
58.174838	10.407111	112.184000
58.199087	10.496824	112.230000
58.223001	10.587323	112.276000
58.247600	10.651902	112.322000
58.333040	10.861559	112.368000
58.357116	10.913988	112.533000
58.381434	10.941701	112.579000
58.405142	10.969063	112.625000
58.429429	11.017937	112.670000
58.453090	11.095996	112.716000
58.476932	11.186108	112.762000
58.500585	11.278142	112.808000
58.524711	11.372983	112.854000
58.548595	11.466715	112.900000
58.572952	11.560138	112.945000
58.654523	11.653616	112.991000
58.678212	11.909736	113.148000
58.702242	12.002205	113.194000
58.726099	12.110460	113.240000
58.749253	12.224799	113.286000
58.773759	12.339691	113.331000
58.797854	12.452005	113.377000
58.821835	12.568599	113.423000
59.017440	13.534135	113.469000
59.041804	13.639640	113.845000
59.066134	13.739579	113.891000
59.090368	13.812944	113.937000
59.114317	13.812614	113.982000
59.138493	13.774493	114.029000
59.219088	13.767295	114.074000
59.243487	13.836590	114.230000
59.266987	13.893044	114.276000
59.291540	13.958719	114.322000
59.315935	14.007462	114.368000
59.339319	14.052157	114.414000
59.362973	14.102624	114.460000
59.386734	14.175916	114.506000
59.410514	14.271062	114.551000
59.491874	14.634244	114.597000
59.516192	14.698340	114.753000
59.540157	14.754969	114.799000
59.564118	14.825966	114.844000
59.587337	14.904553	114.890000
59.611198	14.993269	114.935000
59.634979	15.092870	114.981000
59.659228	15.209486	115.027000
59.683407	15.344294	115.072000
59.707199	15.473911	115.118000
59.902493	15.567373	115.164000
59.926443	16.239435	115.539000
59.950753	16.382196	115.585000
59.974461	16.551437	115.631000
60.055394	16.931009	115.677000
60.079105	17.010019	115.833000
60.103516	17.127092	115.879000
60.127519	17.275947	115.925000
60.151614	17.391780	115.970000
60.175318	17.468358	116.016000
60.199351	17.546229	116.062000
60.223378	17.649965	116.108000
60.247104	17.789724	116.154000
60.270416	17.955586	116.200000
60.294430	18.100506	116.245000
60.376517	18.184360	116.291000
60.400101	18.420662	116.447000
60.423808	18.546190	116.493000
60.447519	18.662551	116.539000
60.471288	18.773095	116.584000
60.495211	18.893751	116.630000
60.519433	19.036377	116.676000
60.544127	19.219795	116.721000
60.629544	19.767147	116.767000
60.653743	19.858991	116.933000
